U,RF
0.0,0.0
9e-05,-1.865090457500981e-39
0.00018,3.958184293206632e-39
0.00027,-1.0838687356098573e-38
0.00036,2.3782093914739326e-38
0.00045000000000000004,-1.8061146412413086e-38
0.00054,-1.368300955003588e-37
0.00063,6.948574102368283e-37
0.00072,-1.9121419201143634e-36
0.0008100000000000001,2.525674908007316e-36
0.0009000000000000001,4.371194649566832e-36
0.00099,-3.5458999471742903e-35
0.00108,1.1773008237183758e-34
0.00117,-2.206036716585041e-34
0.00126,-2.076600771691624e-35
0.00135,1.6516129024236317e-33
0.00144,-6.773863707829973e-33
0.0015300000000000001,1.606234072315529e-32
0.0016200000000000001,-1.3075183815381554e-32
0.0017100000000000001,-6.625511409948146e-32
0.0018000000000000002,3.650756052775339e-31
0.0018900000000000002,-1.0509811965798337e-30
0.00198,1.5381514999420258e-30
0.0020700000000000002,1.8488767992478247e-30
0.00216,-1.8275472692683566e-29
0.0022500000000000003,6.36241993182318e-29
0.00234,-1.270371875967964e-28
0.0024300000000000003,2.0683346800219072e-29
0.00252,8.273558542827814e-28
0.0026100000000000003,-3.6038198821366845e-27
0.0027,8.976097217389013e-27
0.0027900000000000004,-8.867840455115687e-27
0.00288,-3.1387813080228656e-26
0.00297,1.9102356399159332e-25
0.0030600000000000002,-5.753981180199572e-25
0.00315,9.2090797113034e-25
0.0032400000000000003,7.155251582461964e-25
0.00333,-9.363986003830147e-24
0.0034200000000000003,3.4257601907839517e-23
0.00351,-7.256738049491896e-23
0.0036000000000000003,2.85998783974987e-23
0.00369,4.102860704633706e-22
0.0037800000000000004,-1.910111070941174e-21
0.00387,4.990107542340019e-21
0.00396,-5.742888137092833e-21
0.004050000000000001,-1.450852759640021e-20
0.0041400000000000005,9.95013920031246e-20
0.00423,-3.1371123417769964e-19
0.00432,5.434515266219334e-19
0.00441,2.3085989569993876e-19
0.0045000000000000005,-4.766980375509242e-18
0.00459,1.8375839003020457e-17
0.00468,-4.1137128577379565e-17
0.00477,2.4828354952191752e-17
0.004860000000000001,2.0106468737386568e-16
0.00495,-1.0083808400135184e-15
0.00504,2.7600276148200013e-15
0.00513,-3.600059033712507e-15
0.005220000000000001,-6.479108910664214e-15
0.0053100000000000005,5.157280969431403e-14
0.0054,-1.7036159859070757e-13
0.00549,3.1698626625881625e-13
0.005580000000000001,3.894414575357099e-14
0.0056700000000000006,-2.4083558060969302e-12
0.00576,9.820226513082092e-12
0.00585,-2.3173753336072614e-11
0.00594,1.847115239235992e-11
0.006030000000000001,9.701633503941221e-11
0.0061200000000000004,-5.298738865710243e-10
0.00621,1.533668903725936e-09
0.0063,-1.833139080766144e-09
0.006390000000000001,1.3781580161583991e-08
0.0064800000000000005,4.836682389881405e-07
0.00657,6.8334397428633214e-06
0.00666,7.98366161652324e-05
0.006750000000000001,0.000785650991547549
0.006840000000000001,0.004964057031667779
0.00693,0.021765779000242534
0.00702,0.06556033465866883
0.007110000000000001,0.12164861847743302
0.007200000000000001,0.1451216462306576
0.0072900000000000005,0.12835380284744485
0.00738,0.16402305037907902
0.00747,0.26058827185409167
0.007560000000000001,0.33443259671022924
0.0076500000000000005,0.3645853606406544
0.00774,0.4014865011682417
0.00783,0.45402033765886296
0.00792,0.50577880958118
0.00801,0.5629619768225071
0.008100000000000001,0.6175464061581263
0.008190000000000001,0.6759401766777924
0.008280000000000001,0.7483159190367231
0.00837,0.8338687623762402
0.00846,0.9189324956649195
0.00855,0.9781906059679212
0.00864,1.0140977467924694
0.00873,1.0663598925768145
0.00882,1.1768444337939885
0.008910000000000001,1.3150626111606687
0.009000000000000001,1.4318888507234684
0.00909,1.5285122414087728
0.00918,1.6587612740391995
0.00927,1.8202958666470423
0.00936,1.9704023525360426
0.00945,2.0786556012187596
0.00954,2.136080496017342
0.009630000000000001,2.1262586005720565
0.009720000000000001,2.0770308399637663
0.009810000000000001,2.0441482873210655
0.0099,2.069512130070332
0.00999,2.140465680195674
0.01008,2.1872541768786973
0.01017,2.164304887933284
0.01026,2.0971225766704182
0.01035,2.0546388452036
0.010440000000000001,2.0433481139979564
0.010530000000000001,2.02938187799877
0.010620000000000001,2.0084587302295254
0.01071,2.0171761760416236
0.0108,2.0730291808591557
0.01089,2.1126545558678473
0.01098,2.104106317451958
0.01107,2.072126195591865
0.011160000000000002,2.047043237301305
0.011250000000000001,2.006676075535194
0.011340000000000001,1.9683476598439156
0.011430000000000001,1.9608627555947333
0.01152,1.9722914794792548
0.01161,1.948225508514176
0.0117,1.8773784613746274
0.01179,1.767825635572632
0.01188,1.6323050610083105
0.011970000000000001,1.4968699019849325
0.012060000000000001,1.3858464195549287
0.012150000000000001,1.2958531893633307
0.012240000000000001,1.230800503668112
0.01233,1.2308769496555465
0.01242,1.3213254725164876
0.01251,1.4912510813137152
0.0126,1.7083912840839701
0.012690000000000002,1.9225893414210706
0.012780000000000001,2.0559850389461807
0.012870000000000001,2.065588827252012
0.012960000000000001,1.9922629994103933
0.01305,1.9227518213559274
0.01314,1.900264422469165
0.01323,1.8878359592181018
0.01332,1.848297088298557
0.01341,1.7856165144454326
0.013500000000000002,1.7422395455247675
0.013590000000000001,1.754422628483576
0.013680000000000001,1.795249932621352
0.013770000000000001,1.815147331114636
0.01386,1.8001721183112807
0.01395,1.7940264584982444
0.01404,1.8035549878843764
0.01413,1.8076749350473917
0.014220000000000002,1.79171681002163
0.014310000000000002,1.7671209105385042
0.014400000000000001,1.7399657114839937
0.014490000000000001,1.7062556765860262
0.014580000000000001,1.6654798364271488
0.01467,1.625285242380916
0.01476,1.5839220878607527
0.01485,1.5317671687702687
0.01494,1.4765137236953316
0.015030000000000002,1.4435748611738193
0.015120000000000001,1.4475878480964703
0.015210000000000001,1.4719908734998106
0.015300000000000001,1.4887715379608748
0.015390000000000001,1.4807694055480194
0.01548,1.4555321012916937
0.01557,1.4388618300134464
0.01566,1.4376938223444606
0.01575,1.4461213323231776
0.01584,1.458270140242051
0.01593,1.465546874633006
0.01602,1.446406437352213
0.01611,1.4134432049629497
0.016200000000000003,1.4021556034397555
0.016290000000000002,1.4169563175298774
0.016380000000000002,1.4469310800479371
0.016470000000000002,1.4903790390060692
0.016560000000000002,1.5474013692234392
0.01665,1.6073134098566648
0.01674,1.6594943454870372
0.01683,1.691714861473203
0.01692,1.701038173911294
0.01701,1.6979133271830213
0.0171,1.6958100622681949
0.01719,1.7003359164899736
0.01728,1.7009583925744967
0.01737,1.688096312316739
0.01746,1.673858874536418
0.01755,1.6646107086133473
0.01764,1.6493268357057635
0.017730000000000003,1.627420341745638
0.017820000000000003,1.6164415166447041
0.017910000000000002,1.6006953034600686
0.018000000000000002,1.5642053592662735
0.018090000000000002,1.5217050118878968
0.01818,1.4993908559655202
0.01827,1.4829401885896254
0.01836,1.4618083916643105
0.01845,1.4414765966984198
0.01854,1.435141228190798
0.01863,1.4497637431421952
0.01872,1.482638210527123
0.01881,1.5214576556419894
0.0189,1.564580330232111
0.01899,1.6229873000372212
0.01908,1.685793750518922
0.01917,1.7358927034894547
0.019260000000000003,1.771244614541719
0.019350000000000003,1.801815224478403
0.019440000000000002,1.8294705914775446
0.019530000000000002,1.8571001708765245
0.019620000000000002,1.8869713005458797
0.019710000000000002,1.9127006447930277
0.0198,1.9191365428650726
0.01989,1.9061565468776065
0.01998,1.891286648110275
0.02007,1.8882275434847737
0.02016,1.8929937938742674
0.02025,1.8943523422770019
0.02034,1.8937748575765259
0.02043,1.8872040474076361
0.02052,1.865861530471904
0.02061,1.836204179258321
0.0207,1.8197397821381773
0.020790000000000003,1.8189105213215273
0.020880000000000003,1.8214624800453605
0.020970000000000003,1.8199464684692734
0.021060000000000002,1.8154082427870726
0.021150000000000002,1.8131317962421316
0.021240000000000002,1.8191207175607964
0.021330000000000002,1.8361623059904502
0.02142,1.858838361001849
0.02151,1.8717687143657582
0.0216,1.874372809500563
0.02169,1.8839190494961242
0.02178,1.9138023928716887
0.02187,1.944331119902079
0.02196,1.9626125055077375
0.02205,1.971278310140547
0.02214,1.9794588935494746
0.02223,1.993924923865136
0.022320000000000003,2.011931674654815
0.022410000000000003,2.029894392259504
0.022500000000000003,2.048652203772542
0.022590000000000002,2.067598623745045
0.022680000000000002,2.0705772020325113
0.022770000000000002,2.0537981311893203
0.022860000000000002,2.030151953256605
0.02295,2.0126924318526647
0.02304,2.000404579415912
0.02313,1.9961793999933795
0.02322,1.9985355758459573
0.02331,1.996748561764067
0.0234,1.9892379650896928
0.02349,1.9864980652090953
0.02358,1.9943948385281174
0.02367,2.013053917553745
0.02376,2.0491247580488094
0.023850000000000003,2.1032998419888096
0.023940000000000003,2.161816939472701
0.024030000000000003,2.2100795522531973
0.024120000000000003,2.250057656601225
0.024210000000000002,2.2947326537316934
0.024300000000000002,2.348816096703487
0.024390000000000002,2.4052549975991253
0.024480000000000002,2.45267525191487
0.02457,2.488899133502302
0.02466,2.524778588150431
0.02475,2.5696434317973456
0.02484,2.6220576177377364
0.02493,2.672681449228258
0.02502,2.7216595511455255
0.02511,2.7777150208553367
0.0252,2.848774841839842
0.02529,2.932824942414012
0.025380000000000003,3.0176192601842438
0.025470000000000003,3.095212042456242
0.025560000000000003,3.1690329059088898
0.025650000000000003,3.245632406116545
0.025740000000000002,3.3178019057985484
0.025830000000000002,3.3850574847975725
0.025920000000000002,3.454699693738698
0.026010000000000002,3.530739863626742
0.0261,3.605235743433699
0.02619,3.674158579492239
0.02628,3.73139627568266
0.02637,3.77499151562039
0.02646,3.8118899977970893
0.02655,3.8479603309986286
0.02664,3.8838695852559453
0.02673,3.9156815459898704
0.02682,3.9373976457736193
0.026910000000000003,3.946079949920914
0.027000000000000003,3.9518113559926182
0.027090000000000003,3.961495960717453
0.027180000000000003,3.974395436352376
0.027270000000000003,3.987938311698831
0.027360000000000002,4.001929164356944
0.027450000000000002,4.014295932017928
0.027540000000000002,4.022111020351845
0.027630000000000002,4.023609462523685
0.02772,4.0184892782817485
0.02781,4.010890954990443
0.0279,3.9941446565297323
0.02799,3.956316688789828
0.02808,3.9028770615746713
0.02817,3.8482126621931356
0.02826,3.7943487899696473
0.02835,3.736727131838992
0.028440000000000003,3.6791190651425283
0.028530000000000003,3.6297330524950646
0.028620000000000003,3.588047199563263
0.028710000000000003,3.5517151657591266
0.028800000000000003,3.5218552838316692
0.028890000000000002,3.4966799028301807
0.028980000000000002,3.470830715664252
0.029070000000000002,3.4394359370970875
0.029160000000000002,3.402525937238706
0.02925,3.365470185646681
0.02934,3.3285684468324988
0.02943,3.2964250243202313
0.02952,3.272955920296781
0.02961,3.2538848831370566
0.0297,3.2327516600899857
0.02979,3.210998266913875
0.02988,3.193206811619849
0.029970000000000004,3.183284734027347
0.030060000000000003,3.185232432195974
0.030150000000000003,3.1939543887329167
0.030240000000000003,3.2011909581051126
0.030330000000000003,3.203129935733445
0.030420000000000003,3.2042065407169025
0.030510000000000002,3.2118980347936286
0.030600000000000002,3.234774582266367
0.030690000000000002,3.2742501889614286
0.030780000000000002,3.322324978899995
0.03087,3.3740592770470896
0.03096,3.426319721275026
0.03105,3.4706779052913395
0.03114,3.4934162863103424
0.03123,3.4866336417159567
0.03132,3.4645751015806425
0.03141,3.4420229036350842
0.0315,3.4188516881222517
0.03159,3.383109672724018
0.03168,3.338453173960329
0.03177,3.288518482249732
0.03186,3.2369946321587815
0.03195,3.190018199016379
0.03204,3.150100345153264
0.03213,3.1144674217994397
0.03222,3.0842480760401014
0.032310000000000005,3.06628154760445
0.032400000000000005,3.064921866211526
0.032490000000000005,3.073046957496125
0.032580000000000005,3.0832606652959926
0.032670000000000005,3.091927535154671
0.032760000000000004,3.0976841568204048
0.032850000000000004,3.099822668845916
0.032940000000000004,3.0938166686243447
0.033030000000000004,3.0828177840615436
0.033120000000000004,3.0770533925494568
0.03321,3.073447874754482
0.0333,3.064012663331912
0.03339,3.045179089016017
0.03348,3.010931472165983
0.03357,2.9467629808037863
0.03366,2.8671932061247105
0.03375,2.798621007604716
0.03384,2.763803487708609
0.03393,2.7751493726233427
0.03402,2.835738641171519
0.03411,2.931851857527314
0.0342,3.0387649258558276
0.03429,3.1329244392021294
0.03438,3.2046243276535296
0.03447,3.256824809904869
0.03456,3.2942935033913265
0.03465,3.3201473414280063
0.03474,3.3392193394422938
0.03483,3.3613783880006136
0.03492,3.391758706177605
0.03501,3.434061624174771
0.0351,3.4902810469406753
0.03519,3.5459009266105626
0.03528,3.5805926884567567
0.035370000000000006,3.583862162040469
0.035460000000000005,3.562856366020882
0.035550000000000005,3.5366488683883444
0.035640000000000005,3.5132021653730865
0.035730000000000005,3.4979294051344145
0.035820000000000005,3.495101203575598
0.035910000000000004,3.504801801148041
0.036000000000000004,3.528234099977913
0.036090000000000004,3.5634849589559328
0.036180000000000004,3.6020342117840793
0.036270000000000004,3.6318340035624597
0.03636,3.6476863753036435
0.03645,3.648397476155553
0.03654,3.6396678711544896
0.03663,3.6307414400481344
0.03672,3.624935425364375
0.03681,3.617070741710694
0.0369,3.6081745509261682
0.03699,3.603774168010256
0.03708,3.60380638566144
0.03717,3.6002900447562025
0.03726,3.597767521178249
0.03735,3.6025469805442225
0.03744,3.61351376500583
0.03753,3.63051094796457
0.03762,3.66153408560229
0.03771,3.712547408687731
0.0378,3.780482156835202
0.03789,3.854261065408096
0.03798,3.924161866250391
0.03807,3.982960125069821
0.03816,4.02852551192881
0.03825,4.063850510433953
0.03834,4.089131572303664
0.038430000000000006,4.095110763091217
0.038520000000000006,4.078463538493108
0.038610000000000005,4.050446201697591
0.038700000000000005,4.0272211504071915
0.038790000000000005,4.010704482210903
0.038880000000000005,4.008939439124357
0.038970000000000005,4.029693207150557
0.039060000000000004,4.059996405200736
0.039150000000000004,4.078438329139258
0.039240000000000004,4.085703330494086
0.039330000000000004,4.088855466313353
0.039420000000000004,4.083382417375029
0.03951,4.066244482879169
0.0396,4.040479362864727
0.03969,4.015888883701014
0.03978,4.001267660445102
0.03987,3.993683032337439
0.03996,3.9898804538042234
0.04005,3.989710985122647
0.04014,3.993794214974643
0.04023,4.000580834433317
0.04032,4.008696277524842
0.04041,4.0194435830279645
0.0405,4.038410887786479
0.04059,4.071565279429082
0.04068,4.115609502410049
0.04077,4.1633600318473
0.04086,4.212512041293896
0.04095,4.2663651637847
0.04104,4.3255194422841265
0.04113,4.376814849044348
0.04122,4.404085801873671
0.04131,4.404696496698484
0.0414,4.395833179991533
0.041490000000000006,4.396237761480931
0.041580000000000006,4.425303254407896
0.041670000000000006,4.486610764856558
0.041760000000000005,4.565833027847441
0.041850000000000005,4.651924987807612
0.041940000000000005,4.738262100052222
0.042030000000000005,4.810634948584423
0.042120000000000005,4.864660955172866
0.042210000000000004,4.92536363582229
0.042300000000000004,4.995477133616312
0.042390000000000004,5.059004500824473
0.042480000000000004,5.088998998409016
0.042570000000000004,5.073668952934451
0.042660000000000003,5.0608960844182045
0.04275,5.054715009503997
0.04284,5.043829211293007
0.04293,5.02912032089187
0.04302,5.0097891343014656
0.04311,4.999514885677377
0.0432,5.003865157943611
0.04329,5.011174254000737
0.04338,5.005118919654032
0.04347,4.99349178417228
0.04356,4.980147591040642
0.04365,4.961618788294046
0.04374,4.940487409547196
0.04383,4.937241038212021
0.04392,4.949924552920348
0.04401,4.977111048159124
0.0441,5.01892227946872
0.04419,5.055822059028498
0.04428,5.086541883320949
0.04437,5.106790684632886
0.04446,5.115395993966177
0.044550000000000006,5.123395103363001
0.044640000000000006,5.124419635298942
0.044730000000000006,5.121608576495957
0.044820000000000006,5.115211131228928
0.044910000000000005,5.0984307551561745
0.045000000000000005,5.080889393091276
0.045090000000000005,5.073481996949112
0.045180000000000005,5.078272482871219
0.045270000000000005,5.092262925053835
0.045360000000000004,5.114749530108509
0.045450000000000004,5.134898819378013
0.045540000000000004,5.15598645495814
0.045630000000000004,5.172986676694124
0.045720000000000004,5.159476199256474
0.045810000000000003,5.119052712103967
0.0459,5.068558362496839
0.04599,5.025895092217668
0.04608,4.998957808244192
0.04617,4.975693336864584
0.04626,4.936121831375472
0.04635,4.877834699650871
0.04644,4.8194847055946735
0.04653,4.784102111636024
0.04662,4.7762142550424525
0.04671,4.785352790020762
0.0468,4.797781214751591
0.04689,4.8045071492419495
0.04698,4.800625112138462
0.04707,4.794257059675083
0.04716,4.789937118094305
0.04725,4.7841341913315105
0.04734,4.777558709978335
0.04743,4.774065323857477
0.04752,4.7680011400573825
0.04761,4.750941894332473
0.047700000000000006,4.725615587201727
0.047790000000000006,4.70342733306656
0.047880000000000006,4.690161460412045
0.047970000000000006,4.6814408940540115
0.048060000000000005,4.671582618600198
0.048150000000000005,4.670744167428952
0.048240000000000005,4.685406136301906
0.048330000000000005,4.708740989513009
0.048420000000000005,4.728619806973411
0.048510000000000005,4.743226652746913
0.048600000000000004,4.754703690799778
0.048690000000000004,4.7565006755704
0.048780000000000004,4.750738208448699
0.048870000000000004,4.7573837223543345
0.048960000000000004,4.775725026747729
0.04905,4.802497048593468
0.04914,4.832030266692427
0.04923,4.854732394482252
0.04932,4.8626390338656424
0.04941,4.851311791382582
0.0495,4.824543114820918
0.04959,4.792597686423538
0.04968,4.764124542941359
0.04977,4.737213136397572
0.04986,4.707007154940584
0.04995,4.669004334585033
0.05004,4.623393005861239
0.05013,4.583653735438195
0.05022,4.5603532237119575
0.05031,4.555398585530267
0.0504,4.563230001548738
0.05049,4.575913420602859
0.05058,4.588137918770976
0.05067,4.59967798162965
0.050760000000000007,4.610880321020572
0.050850000000000006,4.619938732585509
0.050940000000000006,4.633967853408338
0.051030000000000006,4.65030410121986
0.051120000000000006,4.661654207475709
0.051210000000000006,4.667419429435675
0.051300000000000005,4.6762126646627875
0.051390000000000005,4.697852309333534
0.051480000000000005,4.731395530594698
0.051570000000000005,4.7686471580782275
0.051660000000000005,4.807499799918203
0.051750000000000004,4.842967920235566
0.051840000000000004,4.867540807942433
0.051930000000000004,4.879023684641029
0.052020000000000004,4.885564966578458
0.052110000000000004,4.896392569251623
0.0522,4.917416143972798
0.05229,4.947404663138117
0.05238,4.979871741496652
0.05247,5.010202769350153
0.05256,5.028336105077237
0.05265,5.032166480587001
0.05274,5.029059853411257
0.05283,5.024271512707759
0.05292,5.0131371267625155
0.05301,4.99424805540575
0.0531,4.970944257965227
0.05319,4.948475406519249
0.05328,4.934706405392542
0.05337,4.927486208646171
0.05346,4.921574935360614
0.05355,4.917527570582197
0.05364,4.9223258579298665
0.05373,4.934701182303609
0.05382000000000001,4.948251871324436
0.053910000000000007,4.957584493472647
0.054000000000000006,4.962614717971288
0.054090000000000006,4.967626720145727
0.054180000000000006,4.976619386723555
0.054270000000000006,4.986065260863159
0.054360000000000006,4.989354047790167
0.054450000000000005,4.996055735946074
0.054540000000000005,5.006089675947098
0.054630000000000005,5.014064196193248
0.054720000000000005,5.0175525196245845
0.054810000000000005,5.019507289529247
0.054900000000000004,5.024382733645398
0.054990000000000004,5.027897940315137
0.055080000000000004,5.026361711338689
0.055170000000000004,5.0259333240493635
0.055260000000000004,5.024220435448668
0.05535,5.020490883241236
0.05544,5.017760964583682
0.05553,5.0194827857775195
0.05562,5.024957127548845
0.05571,5.030221556913771
0.0558,5.034181012533289
0.05589,5.037877135092958
0.05598,5.039312895929419
0.05607,5.036877185320349
0.05616,5.0306343747344116
0.05625,5.025368679131114
0.05634,5.029298363081709
0.05643,5.0424005442396185
0.05652,5.05609560249511
0.05661,5.063976544700187
0.0567,5.066332905285061
0.05679,5.064618474739782
0.05688000000000001,5.062903800195408
0.05697000000000001,5.061973368942314
0.05706000000000001,5.058702115147822
0.057150000000000006,5.051439658371774
0.057240000000000006,5.046353771066153
0.057330000000000006,5.041768875460118
0.057420000000000006,5.035670764200598
0.057510000000000006,5.032055914046753
0.057600000000000005,5.028528381098567
0.057690000000000005,5.025500427675114
0.057780000000000005,5.025860418919315
0.057870000000000005,5.031208385610722
0.057960000000000005,5.039277596662145
0.058050000000000004,5.048618764289473
0.058140000000000004,5.0594574555359
0.058230000000000004,5.070665058737295
0.058320000000000004,5.07839201102247
0.058410000000000004,5.08307488769498
0.0585,5.085581651936652
0.05859,5.085894264065846
0.05868,5.083981428957713
0.05877,5.081524305534776
0.05886,5.081043429446788
0.05895,5.083107241378341
0.05904,5.084585785249802
0.05913,5.080909305263031
0.05922,5.076497088677528
0.05931,5.073136077951153
0.0594,5.068078839599981
0.05949,5.060298286963437
0.05958,5.056905588627929
0.05967,5.057950759275616
0.05976,5.060349832161023
0.05985,5.0643631845596735
0.05994000000000001,5.072963907240589
0.06003000000000001,5.083739284391064
0.06012000000000001,5.0944897735186006
0.06021000000000001,5.105484922812643
0.060300000000000006,5.1169640226714685
0.060390000000000006,5.126860119318671
0.060480000000000006,5.133075836576384
0.060570000000000006,5.136925058973069
0.060660000000000006,5.142509252259303
0.060750000000000005,5.149151012848826
0.060840000000000005,5.15351275098932
0.060930000000000005,5.15437970016729
0.061020000000000005,5.154192609871362
0.061110000000000005,5.156345671085306
0.061200000000000004,5.162141251128212
0.061290000000000004,5.1707459650749215
0.061380000000000004,5.179473678628372
0.061470000000000004,5.185060935102626
0.061560000000000004,5.187330100327414
0.06165,5.186950753630172
0.06174,5.185771858223894
0.06183,5.183874365992281
0.06192,5.173852990471361
0.06201,5.16124325369005
0.0621,5.148673958730114
0.06219,5.134552866246669
0.06228,5.126037817384539
0.06237,5.122963778001695
0.06246,5.124949944859837
0.06255000000000001,5.131894968820766
0.06264,5.141607899599855
0.06273000000000001,5.153419034850044
0.06282,5.166027420831155
0.06291000000000001,5.178849291658303
0.063,5.1926498180555365
0.06309000000000001,5.207281661465621
0.06318,5.21981259639162
0.06327,5.227617348838503
0.06336,5.23169481330963
0.06345,5.236476852479382
0.06354,5.241109148777035
0.06363,5.2453688489307515
0.06372,5.247970568036844
0.06381,5.245882626578606
0.0639,5.242694905353635
0.06399,5.239646944797004
0.06408,5.237055575755474
0.06417,5.236022703229689
0.06426,5.2369332557302375
0.06435,5.240357846348109
0.06444,5.245566323768867
0.06453,5.25168770653742
0.06462000000000001,5.258796913297033
0.06471,5.263892742615507
0.06480000000000001,5.268240163648179
0.06489,5.274153976432615
0.06498000000000001,5.280821851699068
0.06507,5.286621851991987
0.06516000000000001,5.290874724574906
0.06525,5.292205246371649
0.06534000000000001,5.289569644135118
0.06543,5.285240101909646
0.06552000000000001,5.281602278758496
0.06561,5.281226695410116
0.06570000000000001,5.284963013341118
0.06579,5.291513555211207
0.06588000000000001,5.302851225015913
0.06597,5.316353151040632
0.06606000000000001,5.328747677072667
0.06615,5.339701858924046
0.06624000000000001,5.348812857712992
0.06633,5.356266461706076
0.06642,5.3605020250272855
0.06651,5.360114658048725
0.0666,5.357333457211029
0.06669,5.352601126820654
0.06678,5.346700531017882
0.06687,5.341026688443523
0.06696,5.336475873735046
0.06705,5.33300439653239
0.06714,5.332171977636009
0.06723,5.333075244913976
0.06732,5.3327203498519955
0.06741,5.332406194813118
0.0675,5.333185673143314
0.06759000000000001,5.334492591419812
0.06768,5.335597470813172
0.06777000000000001,5.337290244786962
0.06786,5.339819151572782
0.06795000000000001,5.344074860663977
0.06804,5.349899719188444
0.06813000000000001,5.355578325744559
0.06822,5.361091134207937
0.06831000000000001,5.3645630770518515
0.0684,5.366012334710501
0.06849000000000001,5.367544352515883
0.06858,5.368979333570516
0.06867000000000001,5.369916614934654
0.06876,5.371915077598832
0.06885000000000001,5.376582934719267
0.06894,5.383009907154714
0.06903000000000001,5.389937284920956
0.06912,5.39615863968105
0.06921000000000001,5.402108960002402
0.0693,5.40863507984592
0.06939000000000001,5.412405901686886
0.06948,5.412022761905581
0.06957,5.408189148483742
0.06966,5.402084968280716
0.06975,5.394183596617102
0.06984,5.385463724671435
0.06993,5.3759173641318565
0.07002,5.364950858592106
0.07011,5.3533352064382616
0.0702,5.34480952733945
0.07029,5.339607396002989
0.07038,5.33790301481574
0.07047,5.341389533175244
0.07056,5.349114324890936
0.07065,5.359821920379873
0.07074000000000001,5.372102513316908
0.07083,5.384242210596351
0.07092000000000001,5.394811676886742
0.07101,5.404581351752764
0.07110000000000001,5.413938298555022
0.07119,5.422284398985925
0.07128000000000001,5.428691122772055
0.07137,5.432567553937348
0.07146000000000001,5.433107653084899
0.07155,5.429538783585611
0.07164000000000001,5.421918924698147
0.07173,5.4118748880021945
0.07182000000000001,5.401466202791339
0.07191,5.3923478240347364
0.07200000000000001,5.385351346732035
0.07209,5.380461355244249
0.07218000000000001,5.37724700278019
0.07227,5.374947168468628
0.07236000000000001,5.373724099950433
0.07245,5.374081626956951
0.07254000000000001,5.373968061071363
0.07263,5.37452215471194
0.07272,5.375704074696893
0.07281,5.37553528126028
0.0729,5.373968442068646
0.07299,5.37186768183097
0.07308,5.371000482404863
0.07317,5.373392615148703
0.07326,5.379748213696988
0.07335,5.387484666261904
0.07344,5.394499776026057
0.07353,5.400205529751849
0.07362,5.404616098819624
0.07371,5.407156623029168
0.0738,5.409758677904519
0.07389000000000001,5.412562951876468
0.07398,5.413820698251302
0.07407000000000001,5.412899618371817
0.07416,5.408758671461376
0.07425000000000001,5.403456728819126
0.07434,5.399342540993757
0.07443000000000001,5.395681833354094
0.07452,5.390740606616257
0.07461000000000001,5.383910475881276
0.0747,5.376510150700092
0.07479000000000001,5.370603924585955
0.07488,5.366498317253964
0.07497000000000001,5.363191124923753
0.07506,5.361038309080675
0.07515000000000001,5.3609982622901144
0.07524,5.362701857004011
0.07533000000000001,5.3662189401055365
0.07542,5.371120131605901
0.07551000000000001,5.376370108051648
0.0756,5.3811396680293955
0.07569000000000001,5.386015955416668
0.07578,5.391773772565803
0.07587,5.398724991549039
0.07596,5.405690736322914
0.07605,5.409852591813136
0.07614,5.411814930368286
0.07623,5.4125444626567445
0.07632,5.410813300658914
0.07641,5.403973693936984
0.0765,5.393507763259961
0.07659,5.38298122111955
0.07668,5.374751836105708
0.07677,5.369473884119716
0.07686000000000001,5.368486749212075
0.07695,5.369418694123009
0.07704000000000001,5.370880807847805
0.07713,5.374207552064179
0.07722000000000001,5.380772251869829
0.07731,5.388873123717571
0.07740000000000001,5.396865481051921
0.07749,5.403483096478301
0.07758000000000001,5.4074842529718214
0.07767,5.409299623132069
0.07776000000000001,5.410848958929408
0.07785,5.413390997304564
0.07794000000000001,5.415819948856738
0.07803,5.415452844541138
0.07812000000000001,5.414241413232625
0.07821,5.411571560928717
0.07830000000000001,5.405262858583672
0.07839,5.396833005203245
0.07848000000000001,5.388290732455577
0.07857,5.380049383378802
0.07866000000000001,5.373935528103262
0.07875,5.37325142163014
0.07884000000000001,5.376399332546777
0.07893,5.381898596817713
0.07902,5.387543277742982
0.07911,5.391581909272243
0.0792,5.39551930226059
0.07929,5.3995362448690996
0.07938,5.404564247699042
0.07947,5.410231400769549
0.07956,5.413704549094503
0.07965,5.41635969668371
0.07974,5.418871597911002
0.07983,5.420194432097603
0.07992,5.418475886122925
0.08001000000000001,5.412881747903054
0.0801,5.4077051612045
0.08019000000000001,5.404749839131812
0.08028,5.402408114497924
0.08037000000000001,5.4004237112768
0.08046,5.398852348403106
0.08055000000000001,5.3974303230715
0.08064,5.395598087113889
0.08073000000000001,5.39347128667891
0.08082,5.393278778038363
0.08091000000000001,5.394491430334592
0.081,5.3963868586770145
0.08109000000000001,5.399417866621565
0.08118,5.402916446948333
0.08127000000000001,5.405061039165657
0.08136,5.404814886074614
0.08145000000000001,5.403345330975281
0.08154,5.403339249475998
0.08163000000000001,5.404581215960807
0.08172,5.4066457586474606
0.08181000000000001,5.409032503117471
0.0819,5.411176281517822
0.08199000000000001,5.413767173612903
0.08208,5.414796248059153
0.08217,5.413764153827117
0.08226,5.412899537467918
0.08235,5.413500180327032
0.08244,5.414039400207272
0.08253,5.414549274266088
0.08262,5.415542368268058
0.08271,5.415844184233705
0.0828,5.41628173487129
0.08289,5.415639804494356
0.08298000000000001,5.414098566860299
0.08307,5.41347071254393
0.08316000000000001,5.411139040326812
0.08325,5.408940028939118
0.08334000000000001,5.407360097347561
0.08343,5.404487034184528
0.08352000000000001,5.4006229308959695
0.08361,5.397601373450974
0.08370000000000001,5.3954662561691515
0.08379,5.394065662815439
0.08388000000000001,5.39484906086829
0.08397,5.397873999481313
0.08406000000000001,5.402818925779833
0.08415,5.408472384457427
0.08424000000000001,5.413506134376145
0.08433,5.418604989272778
0.08442000000000001,5.423553833877066
0.08451,5.427564676553825
0.08460000000000001,5.430342455015208
0.08469,5.432455561326392
0.08478000000000001,5.433681043477364
0.08487,5.434190753880294
0.08496000000000001,5.433627391172557
0.08505,5.43117935536963
0.08514000000000001,5.428478393036365
0.08523,5.42573973817751
0.08532000000000001,5.422610440059469
0.08541,5.4193398689873575
0.0855,5.416579209937984
0.08559,5.414294806152071
0.08568,5.411960644882283
0.08577,5.409742048585376
0.08586,5.408825688791968
0.08595,5.4087171058678205
0.08604,5.409353494008997
0.08613000000000001,5.4110703372934195
0.08622,5.413996135299661
0.08631000000000001,5.418047951252732
0.0864,5.42263163394613
0.08649000000000001,5.427557379516253
0.08658,5.432806612170535
0.08667000000000001,5.437634526082315
0.08676,5.441944717493484
0.08685000000000001,5.445636527903116
0.08694,5.448263801424927
0.08703000000000001,5.449635396994647
0.08712,5.451129640677012
0.08721000000000001,5.45187555796392
0.0873,5.451495357586855
0.08739000000000001,5.451523424019065
0.08748,5.4525522994404465
0.08757000000000001,5.4543819233175315
0.08766,5.455855696136992
0.08775000000000001,5.455946850644353
0.08784,5.455019855789587
0.08793000000000001,5.453313639102368
0.08802,5.451761197732359
0.08811000000000001,5.45095529333374
0.0882,5.4505447122060025
0.08829000000000001,5.450859764839945
0.08838,5.4505967367163946
0.08847000000000001,5.449364469883511
0.08856,5.448157066705779
0.08865,5.447071201285202
0.08874,5.44836230847556
0.08883,5.451874652010361
0.08892,5.45604238484379
0.08901,5.461155699182076
0.08910000000000001,5.466385066866234
0.08919,5.471583260601512
0.08928000000000001,5.476497952700237
0.08937,5.480365031635356
0.08946000000000001,5.483708550787388
0.08955,5.486922270023091
0.08964000000000001,5.490340725702896
0.08973,5.494165233174154
0.08982000000000001,5.497982682466764
0.08991,5.500987035322383
0.09000000000000001,5.503166934881864
0.09009,5.504566373231555
0.09018000000000001,5.5044383998164665
0.09027,5.5027480132772
0.09036000000000001,5.499718739091193
0.09045,5.495565606020647
0.09054000000000001,5.490437985823358
0.09063,5.48465743014409
0.09072000000000001,5.479737855284513
0.09081,5.475910103227101
0.09090000000000001,5.4727907425886695
0.09099,5.471757138234764
0.09108000000000001,5.473339613422086
0.09117,5.477379677410656
0.09126000000000001,5.4827969532526515
0.09135,5.488157881661996
0.09144000000000001,5.494013321390338
0.09153,5.500230824013408
0.09162000000000001,5.5065432671380234
0.09171,5.512810047498798
0.0918,5.518169085729142
0.09189,5.522589131205603
0.09198,5.526256908436191
0.09207,5.529560866776256
0.09216,5.5330453439450205
0.09225000000000001,5.535608048822699
0.09234,5.536826824549291
0.09243000000000001,5.536365094421948
0.09252,5.533611520846474
0.09261000000000001,5.529633297892169
0.0927,5.525276754855211
0.09279000000000001,5.521069901994205
0.09288,5.517062691490368
0.09297000000000001,5.51264417761717
0.09306,5.508569524689302
0.09315000000000001,5.505624955710839
0.09324,5.504020707024573
0.09333000000000001,5.503526487140278
0.09342,5.503675727952449
0.09351000000000001,5.5048942338233635
0.0936,5.507645665045879
0.09369000000000001,5.511723265552209
0.09378,5.516783325408077
0.09387000000000001,5.522449746115444
0.09396,5.52831118684266
0.09405000000000001,5.53385651567304
0.09414,5.538449998961962
0.09423000000000001,5.54163443484979
0.09432,5.543890886665756
0.09441000000000001,5.546043073580185
0.0945,5.548420465518456
0.09459000000000001,5.551011302828234
0.09468,5.553173253124385
0.09477000000000001,5.5540744289894235
0.09486,5.553297100089772
0.09495,5.551129757979982
0.09504,5.547757641465477
0.09513,5.543430086737159
0.09522,5.538583225131732
0.09531,5.5337803194616555
0.09540000000000001,5.52963268164797
0.09549,5.5265162077952485
0.09558000000000001,5.524513886649077
0.09567,5.523485523987411
0.09576000000000001,5.523136189732512
0.09585,5.522931500854067
0.09594000000000001,5.523411089821931
0.09603,5.525751520990603
0.09612000000000001,5.5296460148814415
0.09621,5.534010743441334
0.09630000000000001,5.538547652949087
0.09639,5.542977984041905
0.09648000000000001,5.546168279408374
0.09657,5.5486147054154715
0.09666000000000001,5.550787364611263
0.09675,5.553032311184581
0.09684000000000001,5.555392466120015
0.09693,5.55665936989459
0.09702000000000001,5.5566702453096575
0.09711,5.556154035288136
0.09720000000000001,5.555433631565993
0.09729,5.553690915781592
0.09738000000000001,5.551728672911087
0.09747,5.549161424376915
0.09756000000000001,5.545426352183957
0.09765,5.541406483403474
0.09774000000000001,5.5372697342754345
0.09783,5.534117441784165
0.09792000000000001,5.532720471795366
0.09801,5.532782910964678
0.0981,5.534047066532323
0.09819,5.536109395567813
0.09828,5.538911829252526
0.09837000000000001,5.542498820098043
0.09846,5.546440321167505
0.09855000000000001,5.55032264907712
0.09864,5.553412669546441
0.09873000000000001,5.555564824658283
0.09882,5.5575223826183
0.09891000000000001,5.559191204164979
0.099,5.5602230600734135
0.09909000000000001,5.560562330833376
0.09918,5.560257937559011
0.09927000000000001,5.558886392837065
0.09936,5.556533216605818
0.09945000000000001,5.553540693113817
0.09954,5.55044403970344
0.09963000000000001,5.548000197772399
0.09972,5.546637219687663
0.09981000000000001,5.545389255829725
0.0999,5.5441886329963275
0.09999000000000001,5.5443413261733125
0.10008,5.544928946954234
0.10017000000000001,5.5458214735889415
0.10026,5.546957599714336
0.10035000000000001,5.548427915014703
0.10044,5.551244572217647
0.10053000000000001,5.554488555405259
0.10062,5.557369462715357
0.10071000000000001,5.559709215195369
0.1008,5.561247135297169
0.10089000000000001,5.561412878828239
0.10098,5.560710900075562
0.10107000000000001,5.56016989013912
0.10116,5.560136199720922
0.10125,5.55973280642811
0.10134,5.55945364425634
0.10143,5.559272865815819
0.10152000000000001,5.5586238709421245
0.10161,5.55779588977775
0.10170000000000001,5.556719226908056
0.10179,5.555565396408926
0.10188000000000001,5.554282091018521
0.10197,5.5526803409189425
0.10206000000000001,5.5520673214994565
0.10215,5.551650501860766
0.10224000000000001,5.550907052931124
0.10233,5.550599268993031
0.10242000000000001,5.550738833321341
0.10251,5.551264366370417
0.10260000000000001,5.552429964233832
0.10269,5.554308344519235
0.10278000000000001,5.556341812455409
0.10287,5.558438843693105
0.10296000000000001,5.560799563771433
0.10305,5.563136695653545
0.10314000000000001,5.56501672067663
0.10323,5.56755157966583
0.10332000000000001,5.570110636213991
0.10341,5.572087928091633
0.10350000000000001,5.573572639866706
0.10359,5.574250093303348
0.10368000000000001,5.574433959198954
0.10377,5.573764448677795
0.10386000000000001,5.572019895712429
0.10395,5.570080138345848
0.10404000000000001,5.568117848726619
0.10413,5.566333284438226
0.10422000000000001,5.564683239812145
0.10431,5.562938677273665
0.1044,5.561462768817321
0.10449000000000001,5.56009628211085
0.10458,5.559240591472989
0.10467000000000001,5.559571266918515
0.10476,5.560786001403937
0.10485000000000001,5.56233647300512
0.10494,5.563997172781374
0.10503000000000001,5.565941744438057
0.10512,5.56830994069951
0.10521000000000001,5.570489780596405
0.1053,5.572647918374114
0.10539000000000001,5.575449499112193
0.10548,5.579021154534171
0.10557000000000001,5.582305652759632
0.10566,5.585143512802775
0.10575000000000001,5.587434574238527
0.10584,5.589205977944922
0.10593000000000001,5.5910765154382895
0.10602,5.593057539250029
0.10611000000000001,5.595347523320932
0.1062,5.597551482631326
0.10629000000000001,5.598569119528345
0.10638,5.598505910284376
0.10647000000000001,5.597488290839097
0.10656,5.595503449583124
0.10665000000000001,5.59270011381469
0.10674,5.589583589426309
0.10683000000000001,5.586267847823502
0.10692,5.58271835751089
0.10701000000000001,5.579226716133662
0.1071,5.576584946286084
0.10719000000000001,5.57539359762633
0.10728,5.575448732360531
0.10737000000000001,5.576660645046145
0.10746,5.579354998075546
0.10755,5.583218094049198
0.10764000000000001,5.588199218549108
0.10773,5.5938287821544135
0.10782000000000001,5.599432190215317
0.10791,5.60498747254857
0.10800000000000001,5.610375958848119
0.10809,5.615225022709582
0.10818000000000001,5.619135647342105
0.10827,5.621899573573025
0.10836000000000001,5.623401119252857
0.10845,5.623684615039017
0.10854000000000001,5.622885458305868
0.10863,5.621092770199526
0.10872000000000001,5.618323285341015
0.10881,5.615114909067301
0.10890000000000001,5.612031586684955
0.10899,5.609150171296442
0.10908000000000001,5.606075271372877
0.10917,5.6030337006101405
0.10926000000000001,5.600674939858958
0.10935,5.5994173114909565
0.10944000000000001,5.599216845003018
0.10953,5.600217988520715
0.10962000000000001,5.602506735448891
0.10971,5.605509353986103
0.10980000000000001,5.608429692257701
0.10989,5.611296135672111
0.10998000000000001,5.613596746402936
0.11007,5.615384141237965
0.11016000000000001,5.6167762819429825
0.11025,5.617250463527432
0.11034000000000001,5.617477086808201
0.11043,5.618109522452745
0.11052000000000001,5.6193190833243145
0.11061000000000001,5.6210267605880215
0.1107,5.623441585887536
0.11079000000000001,5.6266734870735275
0.11088,5.629969836289392
0.11097000000000001,5.632207020390604
0.11106,5.633201160453406
0.11115000000000001,5.6334478592168455
0.11124,5.633405542998635
0.11133000000000001,5.633086552896946
0.11142,5.632248467295326
0.11151000000000001,5.631265689851768
0.1116,5.629993316150302
0.11169000000000001,5.6280715845791685
0.11178,5.625446177691802
0.11187000000000001,5.622448336204066
0.11196,5.619652011142921
0.11205000000000001,5.617501334451523
0.11214,5.616058456409724
0.11223000000000001,5.615032581386887
0.11232,5.614283604207181
0.11241000000000001,5.6138121544503425
0.1125,5.613814226820937
0.11259000000000001,5.614767340721061
0.11268,5.617319015337529
0.11277000000000001,5.621282862578671
0.11286,5.626037238594083
0.11295000000000001,5.631039115828504
0.11304,5.635968474515569
0.11313000000000001,5.640673618832518
0.11322,5.645264953933987
0.11331000000000001,5.649362219231553
0.1134,5.651673163924984
0.11349000000000001,5.651932351695666
0.11358,5.65081014428395
0.11367000000000001,5.649091342673276
0.11376000000000001,5.647167003918519
0.11385,5.645303814130033
0.11394000000000001,5.643609015574227
0.11403,5.642203294477203
0.11412000000000001,5.641099543022261
0.11421,5.639947933486752
0.11430000000000001,5.638550785134763
0.11439,5.636798469170336
0.11448000000000001,5.634892808791664
0.11457,5.633410253135378
0.11466000000000001,5.632605613611993
0.11475,5.6329346586909725
0.11484000000000001,5.634474420849361
0.11493,5.636796122652069
0.11502000000000001,5.639759049156523
0.11511,5.642721411189976
0.11520000000000001,5.645574442929249
0.11529,5.648446824649321
0.11538000000000001,5.65085077786458
0.11547,5.653509139095757
0.11556000000000001,5.656532461193846
0.11565,5.659451473695098
0.11574000000000001,5.661940063611518
0.11583,5.663657827211136
0.11592000000000001,5.664550693605255
0.11601,5.665123959615038
0.11610000000000001,5.666083457862023
0.11619,5.667432033594628
0.11628000000000001,5.668625262810034
0.11637,5.669456987112285
0.11646000000000001,5.669998587404894
0.11655,5.670084740293473
0.11664000000000001,5.669633371244698
0.11673,5.668593620979925
0.11682000000000001,5.6671128080530595
0.11691000000000001,5.665544484771111
0.117,5.664084977538664
0.11709000000000001,5.6630862839838105
0.11718,5.662949583935616
0.11727000000000001,5.663716277940649
0.11736,5.664768392670922
0.11745000000000001,5.665749930022534
0.11754,5.666727662560627
0.11763000000000001,5.667844917726779
0.11772,5.669004595113849
0.11781000000000001,5.670164267744672
0.1179,5.67126407146396
0.11799000000000001,5.672525854449848
0.11808,5.674414005261958
0.11817000000000001,5.676991928140455
0.11826,5.680054861683768
0.11835000000000001,5.683073861711152
0.11844,5.685690815199189
0.11853000000000001,5.688193694557127
0.11862,5.690149312459962
0.11871000000000001,5.691397704113547
0.1188,5.691993793913607
0.11889000000000001,5.6918999245463215
0.11898,5.6915432957822905
0.11907000000000001,5.6910664440527405
0.11916,5.690368318886502
0.11925000000000001,5.689359746011246
0.11934,5.688114035162947
0.11943000000000001,5.686882235044879
0.11952,5.685713934337196
0.11961000000000001,5.684674301008884
0.1197,5.684124395797101
0.11979000000000001,5.683799890863212
0.11988000000000001,5.683763858032664
0.11997000000000001,5.68411907316352
0.12006000000000001,5.684677119387822
0.12015,5.685596431067045
0.12024000000000001,5.686760921770838
0.12033,5.688069659445106
0.12042000000000001,5.689649280812454
0.12051,5.691673174278629
0.12060000000000001,5.6941389784558165
0.12069,5.696652173205095
0.12078000000000001,5.698653629687081
0.12087,5.69981359886185
0.12096000000000001,5.700082790437315
0.12105,5.699574748575795
0.12114000000000001,5.698764873529645
0.12123,5.698293860713355
0.12132000000000001,5.698158875392442
0.12141,5.698277023155709
0.12150000000000001,5.698699794877943
0.12159,5.699505055662247
0.12168000000000001,5.70056204076386
0.12177,5.701614129551294
0.12186000000000001,5.702641554500683
0.12195,5.703619891291878
0.12204000000000001,5.704233329427854
0.12213,5.704317254007249
0.12222000000000001,5.704289815377735
0.12231,5.704239755633199
0.12240000000000001,5.70371596863908
0.12249,5.702846481135149
0.12258000000000001,5.702060352220123
0.12267,5.701510365707151
0.12276000000000001,5.701040988017322
0.12285,5.700556538874045
0.12294000000000001,5.700122859981667
0.12303000000000001,5.699805775653329
0.12312000000000001,5.699448076482967
0.12321000000000001,5.69889138378886
0.1233,5.698826822530797
0.12339000000000001,5.699457472593277
0.12348,5.700698961256149
0.12357000000000001,5.702534855898316
0.12366,5.704869058760149
0.12375000000000001,5.70704950807822
0.12384,5.708850271467618
0.12393000000000001,5.710426379395703
0.12402,5.711702934033269
0.12411000000000001,5.712685991477017
0.1242,5.713358826229406
0.12429000000000001,5.71359858161425
0.12438,5.713295129691966
0.12447000000000001,5.712665281505548
0.12456,5.711883444597677
0.12465000000000001,5.7110122623457835
0.12474,5.710101001464467
0.12483000000000001,5.709279705226254
0.12492,5.708541573575411
0.12501,5.707918523480883
0.12510000000000002,5.707420905015029
0.12519,5.706975066846981
0.12528,5.706690504988254
0.12537,5.7062583606681665
0.12546000000000002,5.705635194862619
0.12555,5.705274320347604
0.12564,5.705232471966701
0.12573,5.705644078948919
0.12582000000000002,5.706440552594646
0.12591,5.707329213129164
0.126,5.708118145437347
0.12609,5.708866896712316
0.12618000000000001,5.709556670804444
0.12627000000000002,5.710211904944135
0.12636,5.711057674831926
0.12645,5.712170320251606
0.12654,5.712970447591635
0.12663000000000002,5.713302379369932
0.12672,5.7136920950424885
0.12681,5.714263146269417
0.1269,5.7150067506551245
0.12699000000000002,5.715759640342794
0.12708,5.716332121880457
0.12717,5.716693260451414
0.12726,5.716834984758982
0.12735000000000002,5.71669190625015
0.12744,5.7161817914103725
0.12753,5.71537494756362
0.12762,5.714628046668424
0.12771000000000002,5.713605569482123
0.1278,5.711967594384892
0.12789,5.710038980311884
0.12798,5.708689933950472
0.12807000000000002,5.708030147725654
0.12816,5.707603969468435
0.12825,5.707218022305827
0.12834,5.707272430320361
0.12843000000000002,5.7075379933447286
0.12852,5.708492510102926
0.12861,5.710075941140817
0.1287,5.711389670353488
0.12879000000000002,5.712666797892894
0.12888,5.713579301862519
0.12897,5.71429563831504
0.12906,5.715291682835632
0.12915000000000001,5.716171405439289
0.12924000000000002,5.716806520112166
0.12933,5.7170801373343165
0.12942,5.7171025910846245
0.12951000000000001,5.717310437858614
0.12960000000000002,5.717705843352914
0.12969,5.718212874528126
0.12978,5.7186350826862995
0.12987,5.718701445934026
0.12996000000000002,5.718291782808428
0.13005,5.717112541796967
0.13014,5.715466611507037
0.13023,5.714050107861122
0.13032000000000002,5.713124067873258
0.13041,5.712475533671974
0.1305,5.711967002912533
0.13059,5.711542453945671
0.13068000000000002,5.711173377604532
0.13077,5.7111068923075905
0.13086,5.711711865879539
0.13095,5.712713129418463
0.13104000000000002,5.713503758660074
0.13113,5.7142533171120755
0.13122,5.715040170689759
0.13131,5.715885090789492
0.13140000000000002,5.716782306509375
0.13149,5.717592169873845
0.13158,5.7179144247011084
0.13167,5.717584912742913
0.13176000000000002,5.717050777635245
0.13185,5.71687873119976
0.13194,5.716615390957458
0.13203,5.716816628597763
0.13212000000000002,5.71766524077486
0.13221000000000002,5.718779036909185
0.1323,5.720213400834679
0.13239,5.721467804694285
0.13248000000000001,5.7223502705448235
0.13257000000000002,5.722944175081411
0.13266,5.7232330559630515
0.13275,5.723303295113714
0.13284,5.723284587901429
0.13293000000000002,5.723210529614893
0.13302,5.723056101989043
0.13311,5.722880253236916
0.1332,5.722297058518024
0.13329000000000002,5.721151037899162
0.13338,5.7196778576706375
0.13347,5.718121342106654
0.13356,5.716548647115458
0.13365000000000002,5.715580716373142
0.13374,5.715409019949543
0.13383,5.7153752255388035
0.13392,5.715784570640214
0.13401000000000002,5.71688346452617
0.1341,5.718645720871967
0.13419,5.7209414556415705
0.13428,5.723698159848197
0.13437000000000002,5.726597755171254
0.13446,5.729212972422397
0.13455,5.7311206230320195
0.13464,5.732125786544451
0.13473000000000002,5.732807077430808
0.13482,5.733598760098565
0.13491,5.734242398774077
0.135,5.734172445632038
0.13509000000000002,5.733719408921262
0.13518000000000002,5.732992968791135
0.13527,5.731924779870897
0.13536,5.730697806763668
0.13545000000000001,5.729911419607282
0.13554000000000002,5.7295517606651165
0.13563,5.729365571668117
0.13572,5.729164770056019
0.13581000000000001,5.728912972486497
0.13590000000000002,5.728646335892435
0.13599,5.728169487712643
0.13608,5.727620906100299
0.13617,5.7275965432455225
0.13626000000000002,5.7283306553726225
0.13635,5.7295023724249505
0.13644,5.730739712325616
0.13653,5.731771928719056
0.13662000000000002,5.732323611076873
0.13671,5.732441226251763
0.1368,5.732488928340519
0.13689,5.73276266439333
0.13698000000000002,5.733252458895773
0.13707,5.734021429384828
0.13716,5.735356752443987
0.13725,5.737006308720723
0.13734000000000002,5.738298957486247
0.13743,5.739274447709209
0.13752,5.740002675501316
0.13761,5.740545314826907
0.13770000000000002,5.740981741228618
0.13779,5.741353757134657
0.13788,5.74154821495393
0.13797,5.741318002308292
0.13806000000000002,5.740579636188964
0.13815,5.7395933289813215
0.13824,5.73871665268895
0.13833,5.738051511135488
0.13842000000000002,5.7376071071434795
0.13851000000000002,5.73724564730022
0.1386,5.736556882307784
0.13869,5.735854251408116
0.13878000000000001,5.735351745631762
0.13887000000000002,5.734983399305682
0.13896,5.734669680075547
0.13905,5.73426332963225
0.13914,5.733772618624215
0.13923000000000002,5.7333543295193365
0.13932,5.733206868306609
0.13941,5.733447738220263
0.1395,5.733980998588076
0.13959000000000002,5.734866052260618
0.13968,5.7362140147550535
0.13977,5.737810075050325
0.13986,5.739620445399184
0.13995000000000002,5.741336660288044
0.14004,5.742765291743346
0.14013,5.744136435517511
0.14022,5.745241337895201
0.14031000000000002,5.746198688929474
0.1404,5.746912209389188
0.14049,5.747074303244359
0.14058,5.747080859057502
0.14067000000000002,5.746771750623694
0.14076,5.745999908177232
0.14085,5.744899103470283
0.14094,5.7436268993380954
0.14103000000000002,5.742179971630605
0.14112,5.7406517208899865
0.14121,5.739252851975766
0.1413,5.738142589819738
0.14139000000000002,5.737232299357107
0.14148000000000002,5.736556676471235
0.14157,5.736339301119145
0.14166,5.736790989380195
0.14175000000000001,5.7378164800122855
0.14184000000000002,5.739219933829363
0.14193,5.741071818893648
0.14202,5.7432457149649805
0.14211000000000001,5.745068132356081
0.14220000000000002,5.746668949573262
0.14229,5.7482023147576955
0.14238,5.749653212804873
0.14247,5.750957185871075
0.14256000000000002,5.752069029444297
0.14265,5.7529166002468015
0.14274,5.753729272245218
0.14283,5.754736660377305
0.14292000000000002,5.755546179883284
0.14301,5.756033178084956
0.1431,5.756285949984843
0.14319,5.756384173964168
0.14328000000000002,5.756306234972973
0.14337,5.756149554925445
0.14346,5.756201399612481
0.14355,5.7564045610754
0.14364000000000002,5.756387992555182
0.14373,5.756318623780949
0.14382,5.7562044234250065
0.14391,5.756078949026861
0.14400000000000002,5.755836272024041
0.14409,5.75507358539087
0.14418,5.754360644779494
0.14427,5.753764984235469
0.14436000000000002,5.753285000733617
0.14445000000000002,5.753420105732637
0.14454,5.753944700818312
0.14463,5.754896448068072
0.14472000000000002,5.756307157809761
0.14481000000000002,5.7580214110799055
0.1449,5.760036392305529
0.14499,5.762251880749218
0.14508000000000001,5.764627121794209
0.14517000000000002,5.766987814168138
0.14526,5.768908029124733
0.14535,5.7705930146953
0.14544,5.771975776038051
0.14553000000000002,5.772867628940709
0.14562,5.7733417470702095
0.14571,5.773558440685995
0.1458,5.773660548366393
0.14589000000000002,5.77375550561234
0.14598,5.773817557560761
0.14607,5.773618080623372
0.14616,5.773187934959669
0.14625000000000002,5.7724371031450845
0.14634,5.771188160823138
0.14643,5.76944141383936
0.14652,5.7673524686040825
0.14661000000000002,5.76546113203019
0.1467,5.76422303968797
0.14679,5.763768018692255
0.14688,5.764305732733868
0.14697000000000002,5.7657089082516375
0.14706,5.767764835231559
0.14715,5.770244740426749
0.14724,5.772765080681458
0.14733000000000002,5.775085771091417
0.14742,5.777313824121388
0.14751,5.7794575651799125
0.1476,5.7811884376019345
0.14769000000000002,5.782682092988032
0.14778000000000002,5.7839446038838185
0.14787,5.7850238758160035
0.14796,5.786086415885114
0.14805000000000001,5.787005297311423
0.14814000000000002,5.787737006810861
0.14823,5.7882769745587135
0.14832,5.788637068438828
0.14841000000000001,5.788864999986593
0.14850000000000002,5.788905473912791
0.14859,5.78864717384734
0.14868,5.788005038788739
0.14877,5.786998696253987
0.14886000000000002,5.785797441182959
0.14895,5.784642427203961
0.14904,5.783852919243531
0.14913,5.783510638940595
0.14922000000000002,5.783262867878575
0.14931,5.784268411293526
0.1494,5.78596726723118
0.14949,5.787172499198011
0.14958000000000002,5.788686564291481
0.14967,5.790121056652182
0.14976,5.790993054919296
0.14985,5.79122031792427
0.14994000000000002,5.791186732141393
0.15003,5.791666832696656
0.15012,5.792551521572307
0.15021,5.7936725534115325
0.15030000000000002,5.795370323908257
0.15039,5.797935320926388
0.15048,5.800109325425208
0.15057,5.801663321950161
0.15066000000000002,5.80303617319122
0.15075000000000002,5.803924569219957
0.15084,5.804493122592496
0.15093,5.804622501936483
0.15102000000000002,5.80428805371722
0.15111000000000002,5.803894165172917
0.1512,5.803774249719247
0.15129,5.803614230909564
0.15138000000000001,5.803228834678542
0.15147000000000002,5.802863218823185
0.15156,5.802744385049661
0.15165,5.802534782174336
0.15174,5.802279283710309
0.15183000000000002,5.802145084693413
0.15192,5.802059691945686
0.15201,5.802495302621477
0.1521,5.802981458761163
0.15219000000000002,5.803198657092535
0.15228,5.803526003934423
0.15237,5.803959328750734
0.15246,5.804430420706224
0.15255000000000002,5.805206486898811
0.15264,5.806515985602509
0.15273,5.808026789227093
0.15282,5.809675252675529
0.15291000000000002,5.8111046684692695
0.153,5.812386372442802
0.15309,5.813934513620012
0.15318,5.814390422853054
0.15327000000000002,5.814530798024434
0.15336,5.814778850476799
0.15345,5.814543545876794
0.15354,5.8147163700894
0.15363000000000002,5.815038224280704
0.15372000000000002,5.815439838762414
0.15381,5.815795343727024
0.1539,5.815346791252697
0.15399000000000002,5.81509402995806
0.15408000000000002,5.814684483522986
0.15417,5.813926663371199
0.15426,5.8137648166358815
0.15435000000000001,5.813579164270161
0.15444000000000002,5.813342152434667
0.15453,5.813359988906943
0.15462,5.813590021217264
0.15471000000000001,5.813598002306901
0.15480000000000002,5.81385332787404
0.15489,5.814284112967857
0.15498,5.814484656657253
0.15507,5.8145804763345526
0.15516000000000002,5.814756497541049
0.15525,5.814970837601832
0.15534,5.815431002244959
0.15543,5.816431869257196
0.15552000000000002,5.817379166163741
0.15561,5.818413905210379
0.1557,5.819586374132412
0.15579,5.820557789904269
0.15588000000000002,5.82116713049201
0.15597,5.821681901243492
0.15606,5.8220351063227165
0.15615,5.822204534896814
0.15624000000000002,5.8224295137523265
0.15633,5.822125174570159
0.15642,5.821688313141484
0.15651,5.82142706221679
0.15660000000000002,5.821106717409361
0.15669000000000002,5.820980171314997
0.15678,5.820732613552113
0.15687,5.820303920902084
0.15696000000000002,5.819981982822887
0.15705000000000002,5.819818808805275
0.15714,5.819523953384092
0.15723,5.819233247196963
0.15732000000000002,5.819005757159389
0.15741000000000002,5.818598033812007
0.1575,5.818507048718596
0.15759,5.818909329426479
0.15768000000000001,5.8196815327314635
0.15777000000000002,5.820591818847756
0.15786,5.821402603160409
0.15795,5.822233479417726
0.15804,5.822885864753329
0.15813000000000002,5.8232880525886115
0.15822,5.823914118395382
0.15831,5.824270799350352
0.1584,5.824221190692052
0.15849000000000002,5.823867529771963
0.15858,5.823285707444421
0.15867,5.822896138435878
0.15876,5.822805035054403
0.15885000000000002,5.823016485297066
0.15894,5.823447169573619
0.15903,5.8238120282231325
0.15912,5.824346945138896
0.15921000000000002,5.8248908537686015
0.1593,5.825341761453004
0.15939,5.826086714166341
0.15948,5.8266796573760775
0.15957000000000002,5.826923168296559
0.15966,5.826879606805508
0.15975,5.826649725646913
0.15984,5.826347808637389
0.15993000000000002,5.825844235611943
0.16002000000000002,5.825227003756897
0.16011,5.824675406573287
0.1602,5.824076772407684
0.16029000000000002,5.823603525142152
0.16038000000000002,5.823346833005341
0.16047,5.823326555206752
0.16056,5.823604188675591
0.16065000000000002,5.824143203386871
0.16074000000000002,5.824744323159419
0.16083,5.825410121395012
0.16092,5.826235115218616
0.16101000000000001,5.826889458612265
0.16110000000000002,5.827374439971187
0.16119,5.827774177280482
0.16128,5.828179285988714
0.16137,5.828748881428801
0.16146000000000002,5.829480950290698
0.16155,5.830251423388027
0.16164,5.830955291020255
0.16173,5.831522929919348
0.16182000000000002,5.831786949799537
0.16191,5.832014183953851
0.162,5.832215836842593
0.16209,5.832170993520766
0.16218000000000002,5.832133138212083
0.16227,5.832129383524098
0.16236,5.832064608938296
0.16245,5.8318703580190405
0.16254000000000002,5.8315808699983
0.16263,5.831342948480601
0.16272,5.831235807845648
0.16281,5.831247534845536
0.16290000000000002,5.831273011555185
0.16299000000000002,5.831137180081423
0.16308,5.831044262058362
0.16317,5.8310423396875635
0.16326000000000002,5.831019104063925
0.16335000000000002,5.831107324275472
0.16344,5.831251116200874
0.16353,5.831442633961578
0.16362000000000002,5.83176879628572
0.16371000000000002,5.8323851443068975
0.1638,5.833582354618793
0.16389,5.835310698894054
0.16398000000000001,5.837203964488951
0.16407000000000002,5.8388943952961165
0.16416,5.840337184962375
0.16425,5.841401342326369
0.16434,5.8421005045012535
0.16443000000000002,5.842590513958991
0.16452,5.842902211434771
0.16461,5.842790398494422
0.1647,5.842349544288583
0.16479000000000002,5.841834977110786
0.16488,5.841374187372169
0.16497,5.841143270759831
0.16506,5.841100221802929
0.16515000000000002,5.841128465818932
0.16524,5.841174609630389
0.16533,5.841234275426267
0.16542,5.841280598339833
0.16551000000000002,5.841289070922968
0.1656,5.841218460361485
0.16569,5.840999344127306
0.16578,5.840656957892433
0.16587000000000002,5.840440575631866
0.16596000000000002,5.840536228668211
0.16605,5.840944493297021
0.16614,5.841777409621232
0.16623000000000002,5.842867775886003
0.16632000000000002,5.844073385659313
0.16641,5.845347794503909
0.1665,5.8465126474648415
0.16659000000000002,5.847425133495182
0.16668000000000002,5.84826244533287
0.16677,5.849102050620708
0.16686,5.849624728190133
0.16695000000000002,5.849941190376515
0.16704000000000002,5.850125600291282
0.16713,5.8502280089747805
0.16722,5.850302055129739
0.16731000000000001,5.850246292800938
0.16740000000000002,5.850110064221871
0.16749,5.849940895541366
0.16758,5.849678219798042
0.16767,5.849261406206155
0.16776000000000002,5.848966936924182
0.16785,5.848852250031992
0.16794,5.8488702543376005
0.16803,5.849049087710017
0.16812000000000002,5.849120465956791
0.16821,5.84907055787778
0.1683,5.848992099879266
0.16839,5.848918910133088
0.16848000000000002,5.848918006851099
0.16857,5.8491213762246455
0.16866,5.849388090063323
0.16875,5.849507493052042
0.16884000000000002,5.849602957249598
0.16893,5.849796117813992
0.16902,5.849966838485837
0.16911,5.850031224517381
0.16920000000000002,5.850093452862994
0.16929000000000002,5.850101791427525
0.16938,5.850338671237509
0.16947,5.850962176495985
0.16956000000000002,5.851955929866346
0.16965000000000002,5.853501470317798
0.16974,5.85514664913936
0.16983,5.856571741602618
0.16992000000000002,5.857741935365989
0.17001000000000002,5.85860455761216
0.1701,5.859091945966152
0.17019,5.859281230081441
0.17028000000000001,5.859209355851118
0.17037000000000002,5.858817059425513
0.17046,5.858216609908026
0.17055,5.857372060802971
0.17064000000000001,5.8563420984159364
0.17073000000000002,5.855268847640516
0.17082,5.8541433182228415
0.17091,5.853105816796041
0.171,5.8522648365880094
0.17109000000000002,5.851720860829905
0.17118,5.851634832379513
0.17127,5.852042528243801
0.17136,5.852744046994324
0.17145000000000002,5.853674130169883
0.17154,5.854898932065452
0.17163,5.856115849042764
0.17172,5.857373882785543
0.17181000000000002,5.8587756070120225
0.1719,5.860271273138783
0.17199,5.861709764208174
0.17208,5.862903029232935
0.17217000000000002,5.863784480156427
0.17226000000000002,5.864455966234577
0.17235,5.865097708870699
0.17244,5.8657357375971
0.17253000000000002,5.866170537532139
0.17262000000000002,5.866281646640161
0.17271,5.866135731825097
0.1728,5.86578909719012
0.17289000000000002,5.865334095082053
0.17298000000000002,5.864895076222061
0.17307,5.864516722039916
0.17316,5.864106862309501
0.17325000000000002,5.86369318620485
0.17334000000000002,5.863199805417208
0.17343,5.862694838482011
0.17352,5.86242448955942
0.17361000000000001,5.862245099618427
0.17370000000000002,5.8621568473225825
0.17379,5.862258134488709
0.17388,5.862625181323903
0.17397,5.8632820017612906
0.17406000000000002,5.864148925658311
0.17415,5.8651715683566055
0.17424,5.866282381510328
0.17433,5.8673672180909975
0.17442000000000002,5.868502306899737
0.17451,5.869699091914947
0.1746,5.870864230027831
0.17469,5.871866207744442
0.17478000000000002,5.872612722680495
0.17487,5.873107324116527
0.17496,5.873475999598629
0.17505,5.873851392593906
0.17514000000000002,5.8742041718222096
0.17523000000000002,5.874455317534402
0.17532,5.8746026448143285
0.17541,5.874653635663699
0.17550000000000002,5.87453509774743
0.17559000000000002,5.874185968651009
0.17568,5.873640984299457
0.17577,5.873094953217514
0.17586000000000002,5.872786492358405
0.17595000000000002,5.872720671980247
0.17604,5.872812557232698
0.17613,5.872984382624415
0.17622000000000002,5.8732102029167494
0.17631000000000002,5.873510267945551
0.1764,5.873879769956016
0.17649,5.874322745272739
0.17658000000000001,5.874833199719649
0.17667000000000002,5.875392133253394
0.17676,5.876035690486414
0.17685,5.876756020310839
0.17694000000000001,5.8775709851227615
0.17703000000000002,5.878464603607106
0.17712,5.879244957492016
0.17721,5.879977804158541
0.1773,5.880700884787695
0.17739000000000002,5.8814390190771775
0.17748,5.882334205365967
0.17757,5.883286393806613
0.17766,5.88415750243414
0.17775000000000002,5.884870012571773
0.17784,5.885400707018273
0.17793,5.885730082212333
0.17802,5.885877771899759
0.17811000000000002,5.885889171300901
0.17820000000000003,5.88579900749958
0.17829,5.8856199336436985
0.17838,5.88545700635663
0.17847000000000002,5.8853730048869535
0.17856000000000002,5.885400444307851
0.17865,5.885560029555746
0.17874,5.885671641086113
0.17883000000000002,5.885745222688796
0.17892000000000002,5.885864026994849
0.17901,5.886052609425351
0.1791,5.886373811107074
0.17919000000000002,5.886696643940593
0.17928000000000002,5.8869985238631415
0.17937,5.887364993097121
0.17946,5.887753721717078
0.17955000000000002,5.888260365184586
0.17964000000000002,5.888837140978828
0.17973,5.889436567873324
0.17982,5.890198009384803
0.17991000000000001,5.891146038808054
0.18000000000000002,5.892104887202075
0.18009,5.893013027352129
0.18018,5.893979581876447
0.18027,5.894950545311754
0.18036000000000002,5.895951593905682
0.18045,5.896927619944112
0.18054,5.897753535520609
0.18063,5.8983864497776
0.18072000000000002,5.898814744655258
0.18081,5.899045956859408
0.1809,5.899194934139313
0.18099,5.899443366095817
0.18108000000000002,5.899712868767794
0.18117,5.899761101394543
0.18126,5.89949579334398
0.18135,5.899033018594647
0.18144000000000002,5.898474072574327
0.18153000000000002,5.898002055617282
0.18162,5.897683529467612
0.18171,5.897491544050705
0.18180000000000002,5.897438383009234
0.18189000000000002,5.8974993131752775
0.18198,5.8977456082566935
0.18207,5.898245093414941
0.18216000000000002,5.8989728190527835
0.18225000000000002,5.89990908655813
0.18234,5.901059309335428
0.18243,5.902393371843253
0.18252000000000002,5.903839282508545
0.18261000000000002,5.905331731522899
0.1827,5.906778696364632
0.18279,5.907981118686583
0.18288000000000001,5.908823330308146
0.18297000000000002,5.909417822466357
0.18306,5.9097602210253255
0.18315,5.909845178167037
0.18324000000000001,5.909744103775038
0.18333000000000002,5.9095850848439895
0.18342,5.909454257157435
0.18351,5.909415149735998
0.1836,5.909408385981297
0.18369000000000002,5.909369247449363
0.18378,5.909371721387362
0.18387,5.909163593083284
0.18396,5.908857717396843
0.18405000000000002,5.908639361448556
0.18414,5.9084014407097
0.18423,5.908409119835077
0.18432,5.908734595281007
0.18441000000000002,5.909245448264248
0.18450000000000003,5.909851108573417
0.18459,5.91066562499414
0.18468,5.911479691547781
0.18477000000000002,5.912244455600624
0.18486000000000002,5.9130289402717
0.18495,5.913687446492351
0.18504,5.91434281587781
0.18513000000000002,5.914941456757518
0.18522000000000002,5.915391796150874
0.18531,5.915764045386026
0.1854,5.916046879903292
0.18549000000000002,5.916379399774508
0.18558000000000002,5.9167719675379695
0.18567,5.9171077135364945
0.18576,5.917492213284902
0.18585000000000002,5.917924098316075
0.18594000000000002,5.918395686410707
0.18603,5.91890447658109
0.18612,5.919362705374244
0.18621000000000001,5.919585690962927
0.18630000000000002,5.919605271218671
0.18639,5.919508040990062
0.18648,5.919274960342092
0.18657,5.918952919180028
0.18666000000000002,5.918670720559252
0.18675,5.918403619869904
0.18684,5.91815301297941
0.18693,5.918282357473628
0.18702000000000002,5.9186452791302395
0.18711,5.919122584756432
0.1872,5.919712865597488
0.18729,5.920301290902954
0.18738000000000002,5.920680021569101
0.18747000000000003,5.921011339671056
0.18756,5.921411996286073
0.18765,5.921809569463083
0.18774000000000002,5.922445403103382
0.18783000000000002,5.923053912036649
0.18792,5.923500531396956
0.18801,5.9239340303968495
0.18810000000000002,5.924361950976166
0.18819000000000002,5.924754622827349
0.18828,5.925152452438216
0.18837,5.925546641927345
0.18846000000000002,5.925817876448973
0.18855000000000002,5.925989729168245
0.18864,5.925969962243903
0.18873,5.92580141221039
0.18882000000000002,5.9256948190657655
0.18891000000000002,5.92564985033923
0.189,5.925598631080905
0.18909,5.925546028591575
0.18918000000000001,5.9255465283049205
0.18927000000000002,5.9256168149732105
0.18936,5.925811698719235
0.18945,5.926190000737861
0.18954000000000001,5.926688999241312
0.18963000000000002,5.927124225987323
0.18972,5.9274524427648245
0.18981,5.927697012065676
0.1899,5.927880513403688
0.18999000000000002,5.9279905820739955
0.19008,5.927986170118323
0.19017,5.9278741049851975
0.19026,5.92776506014218
0.19035000000000002,5.927764763150493
0.19044,5.9278646091616185
0.19053,5.92810518710241
0.19062,5.928441619501785
0.19071000000000002,5.928767785468564
0.19080000000000003,5.929055311063612
0.19089,5.929467666911526
0.19098,5.929939685181838
0.19107000000000002,5.93039603059413
0.19116000000000002,5.930867082090071
0.19125,5.931363681158342
0.19134,5.931855714421361
0.19143000000000002,5.93231996849239
0.19152000000000002,5.932760278892346
0.19161,5.933196863009085
0.1917,5.933624249538928
0.19179000000000002,5.933911819917953
0.19188000000000002,5.934021316480084
0.19197,5.934050219171532
0.19206,5.933938945580483
0.19215000000000002,5.933667518766013
0.19224000000000002,5.933288659939297
0.19233,5.932810207692719
0.19242,5.932143479321404
0.19251000000000001,5.931539885441666
0.19260000000000002,5.931085711391485
0.19269,5.930825811720024
0.19278,5.930980244354988
0.19287,5.931548942351323
0.19296000000000002,5.932234298072734
0.19305,5.932905406794669
0.19314,5.933656041879928
0.19323,5.934337552224451
0.19332000000000002,5.935044759117604
0.19341,5.935752953094617
0.1935,5.936334615614796
0.19359,5.936839022658358
0.19368000000000002,5.937287512023957
0.19377000000000003,5.9376415258627615
0.19386,5.93793411881464
0.19395,5.938267884408188
0.19404000000000002,5.938539434135548
0.19413000000000002,5.938837699515036
0.19422,5.939188913100267
0.19431,5.939460797011466
0.19440000000000002,5.939595262372609
0.19449000000000002,5.939543212294205
0.19458,5.939316150130137
0.19467,5.939024284451805
0.19476000000000002,5.9388240761918425
0.19485000000000002,5.938724055484495
0.19494,5.938786206635048
0.19503,5.939008265655192
0.19512000000000002,5.939273944053754
0.19521000000000002,5.939584511135182
0.1953,5.93985860532013
0.19539,5.940063072366698
0.19548000000000001,5.940254453899286
0.19557000000000002,5.940475310875517
0.19566,5.94076210839338
0.19575,5.941111989365895
0.19584000000000001,5.941425820881312
0.19593000000000002,5.941586723559937
0.19602,5.941795516214601
0.19611,5.942079602012656
0.1962,5.942455191203573
0.19629000000000002,5.943038103796519
0.19638,5.943782009034015
0.19647,5.9446309543228555
0.19656,5.945480133815315
0.19665000000000002,5.946218442250207
0.19674000000000003,5.9468263450262455
0.19683,5.947278426693705
0.19692,5.947536965130952
0.19701000000000002,5.947548297473307
0.19710000000000003,5.947279084430395
0.19719,5.946825947413984
0.19728,5.9463236158921084
0.19737000000000002,5.94588117854574
0.19746000000000002,5.945531970176023
0.19755,5.945222956951239
0.19764,5.9449950357633075
0.19773000000000002,5.9448662345895364
0.19782000000000002,5.94478511062814
0.19791,5.94467803041663
0.198,5.9445029992354295
0.19809000000000002,5.944425065384842
0.19818000000000002,5.9446069393476835
0.19827,5.9450033005761656
0.19836,5.945509963316472
0.19845000000000002,5.946187485939803
0.19854000000000002,5.946960744666525
0.19863,5.947616565015605
0.19872,5.948162026972154
0.19881000000000001,5.948613617832471
0.19890000000000002,5.948962696847804
0.19899,5.949202011652573
0.19908,5.949344878780051
0.19917,5.949396107739796
0.19926000000000002,5.9494558896103165
0.19935,5.9494706794628875
0.19944,5.94927478198774
0.19953,5.949140765560278
0.19962000000000002,5.949073438688218
0.19971000000000003,5.948966794462325
0.1998,5.9487838251814775
0.19989,5.948536023483792
0.19998000000000002,5.94826075945357
0.20007000000000003,5.948080305209188
0.20016,5.948061608434731
0.20025,5.948102146039667
0.20034000000000002,5.948141622302525
0.20043000000000002,5.948096009381108
0.20052,5.947897490540394
0.20061,5.947574606396856
0.20070000000000002,5.947283792661166
0.20079000000000002,5.947123689730863
0.20088,5.947166781246681
0.20097,5.947406571032898
0.20106000000000002,5.947706989487822
0.20115000000000002,5.948106984177751
0.20124,5.948537563774917
0.20133,5.948896674691504
0.20142000000000002,5.949194594736528
0.20151000000000002,5.949410956010623
0.2016,5.949573375849664
0.20169,5.949774560612485
0.20178000000000001,5.950086979902682
0.20187000000000002,5.950433738576465
0.20196,5.950736564804037
0.20205,5.951037611763923
0.20214000000000001,5.951311445208691
0.20223000000000002,5.951325768311186
0.20232,5.951235939930688
0.20241,5.951071785570521
0.2025,5.9508796665827495
0.20259000000000002,5.950806611803303
0.20268,5.9506051279718735
0.20277,5.9503189158374905
0.20286,5.950072157641689
0.20295000000000002,5.9498638032618985
0.20304000000000003,5.949650568538297
0.20313,5.949403110795069
0.20322,5.94913225163264
0.20331000000000002,5.948849452787594
0.20340000000000003,5.948536866482258
0.20349,5.948247919034562
0.20358,5.94816244230952
0.20367000000000002,5.948355395415845
0.20376000000000002,5.948755763380783
0.20385,5.949447746900484
0.20394,5.950152870186611
0.20403000000000002,5.95071676407123
0.20412000000000002,5.951217203805756
0.20421,5.951635437927793
0.2043,5.952118669676386
0.20439000000000002,5.952586624431342
0.20448000000000002,5.952847786299054
0.20457,5.952904226266274
0.20466,5.952861659397572
0.20475000000000002,5.9527071264167395
0.20484000000000002,5.952415523346674
0.20493,5.952048948237252
0.20502,5.951681050981671
0.20511000000000001,5.951321076573882
0.20520000000000002,5.951025541317446
0.20529,5.950862214221991
0.20538,5.9507852338986895
0.20547,5.950742949095365
0.20556000000000002,5.950741001328621
0.20565,5.950773871361007
0.20574,5.9507929061718166
0.20583,5.9508359638135815
0.20592000000000002,5.950844878501176
0.20601000000000003,5.950834766049971
0.2061,5.950865127825597
0.20619,5.950789780526582
0.20628000000000002,5.950761882612045
0.20637000000000003,5.950809428577206
0.20646,5.950865427697985
0.20655,5.951021840525077
0.20664000000000002,5.951129599537
0.20673000000000002,5.95122251491012
0.20682,5.951341627235409
0.20691,5.951407944809156
0.20700000000000002,5.951622775534226
0.20709000000000002,5.952054808611361
0.20718,5.9525813363479205
0.20727,5.953050930471455
0.20736000000000002,5.953475624892981
0.20745000000000002,5.953837456660068
0.20754,5.954142203418431
0.20763,5.954394806559524
0.20772000000000002,5.954530062848466
0.20781000000000002,5.954452696592258
0.2079,5.954209555512534
0.20799,5.953859127193752
0.20808000000000001,5.953410058889168
0.20817000000000002,5.952998802887269
0.20826,5.952680606792852
0.20835,5.952412952597702
0.20844000000000001,5.952157995814909
0.20853000000000002,5.951964019671517
0.20862,5.951760071931511
0.20871,5.951691070342908
0.2088,5.951848450257429
0.20889000000000002,5.952010145766513
0.20898000000000003,5.952206766464068
0.20907,5.952418475699252
0.20916,5.952620498643092
0.20925000000000002,5.952856465214655
0.20934000000000003,5.953167026829852
0.20943,5.95362859291399
0.20952,5.9542455094045
0.20961000000000002,5.954925983818061
0.20970000000000003,5.955569915789919
0.20979,5.956195340844649
0.20988,5.956864697708788
0.20997000000000002,5.957503118765005
0.21006000000000002,5.957916521153218
0.21015,5.95819784603571
0.21024,5.9583226682907995
0.21033000000000002,5.958316040262942
0.21042000000000002,5.958244213011651
0.21051,5.957948972980515
0.2106,5.957637045490226
0.21069000000000002,5.957341260094673
0.21078000000000002,5.956920495034627
0.21087,5.956440988485472
0.21096,5.956053977978526
0.21105000000000002,5.955814150529227
0.21114000000000002,5.955739639452969
0.21123,5.955875809468289
0.21132,5.956200437150746
0.21141000000000001,5.956692473506941
0.21150000000000002,5.957303167360506
0.21159,5.957970789964545
0.21168,5.958691161560017
0.21177,5.959481575887442
0.21186000000000002,5.960256870166229
0.21195,5.960924167563308
0.21204,5.961508933716154
0.21213,5.9620070830442415
0.21222000000000002,5.962524931389097
0.21231000000000003,5.963055081448906
0.2124,5.9634509570902345
0.21249,5.963814062330464
0.21258000000000002,5.964067096478569
0.21267000000000003,5.964156541532259
0.21276,5.964217793047725
0.21285,5.96444983826461
0.21294000000000002,5.964667381756938
0.21303000000000002,5.9648910121278975
0.21312,5.965146222049767
0.21321,5.965215245376166
0.21330000000000002,5.965324069535304
0.21339000000000002,5.965435362872384
0.21348,5.965476921336034
0.21357,5.96554671407477
0.21366000000000002,5.965636915665588
0.21375000000000002,5.96562324368706
0.21384,5.965625489204816
0.21393,5.965803107714393
0.21402000000000002,5.965971606675282
0.21411000000000002,5.966270811445726
0.2142,5.966660643562575
0.21429,5.967056780291028
0.21438000000000001,5.967569787104294
0.21447000000000002,5.968212557459359
0.21456,5.9689729838497065
0.21465,5.96986875257545
0.21474000000000001,5.970879332333537
0.21483000000000002,5.971846724172438
0.21492,5.972810087135718
0.21501,5.97369050601835
0.2151,5.97433904147289
0.21519000000000002,5.974760718210428
0.21528000000000003,5.974876603043149
0.21537,5.974767849146873
0.21546,5.974564680082172
0.21555000000000002,5.974303472971163
0.21564000000000003,5.974035953686285
0.21573,5.973889535594757
0.21582,5.973851225990953
0.21591000000000002,5.97381835957843
0.21600000000000003,5.973871232120035
0.21609,5.973994790180278
0.21618,5.974173471444251
0.21627000000000002,5.974431450924942
0.21636000000000002,5.974780821536416
0.21645,5.9751571947605076
0.21654,5.975629141801381
0.21663000000000002,5.976205644545697
0.21672000000000002,5.97677678748739
0.21681,5.9774151440104255
0.2169,5.978096658029191
0.21699000000000002,5.978737310257885
0.21708000000000002,5.979271420972343
0.21717,5.979682249303015
0.21726,5.979991105698074
0.21735000000000002,5.980267322786012
0.21744000000000002,5.980571068878738
0.21753,5.980910066682237
0.21762,5.981297076473747
0.21771000000000001,5.981645782200971
0.21780000000000002,5.981904462847334
0.21789,5.982135401942714
0.21798,5.982399103718749
0.21807,5.982622252192108
0.21816000000000002,5.982838452779684
0.21825000000000003,5.983087043858819
0.21834,5.983200704040144
0.21843,5.9832741911048135
0.21852000000000002,5.983310616879641
0.21861000000000003,5.983277527949727
0.2187,5.983254142113413
0.21879,5.9832688003569015
0.21888000000000002,5.983225151579881
0.21897000000000003,5.983197721935981
0.21906,5.983363926091745
0.21915,5.98357626676032
0.21924000000000002,5.9838504456194
0.21933000000000002,5.98420380969755
0.21942,5.984627363097892
0.21951,5.985147056261255
0.21960000000000002,5.9856484257356515
0.21969000000000002,5.986121281144246
0.21978,5.986583901620182
0.21987,5.986987726941573
0.21996000000000002,5.987348110963879
0.22005000000000002,5.987766693260839
0.22014,5.988233810765351
0.22023,5.988642821445495
0.22032000000000002,5.989003312567643
0.22041000000000002,5.989323861541809
0.2205,5.989544524945556
0.22059,5.989644665982744
0.22068000000000002,5.989704566262789
0.22077000000000002,5.989651024638526
0.22086,5.989588878957706
0.22095,5.989601940685729
0.22104000000000001,5.989625270618458
0.22113000000000002,5.989698860708531
0.22122000000000003,5.9898302132608565
0.22131,5.989949883242044
0.2214,5.990015913004219
0.22149000000000002,5.99012273598427
0.22158000000000003,5.99024545305103
0.22167,5.990430636915103
0.22176,5.990716902066579
0.22185000000000002,5.991028334567997
0.22194000000000003,5.991383638363192
0.22203,5.991800208815094
0.22212,5.992253633105399
0.22221000000000002,5.992702929813023
0.22230000000000003,5.993142295933102
0.22239,5.993529346972133
0.22248,5.993838829973767
0.22257000000000002,5.994073359938467
0.22266000000000002,5.994248510151699
0.22275,5.994453071390252
0.22284,5.994672002481834
0.22293000000000002,5.994862095148909
0.22302000000000002,5.995053768893056
0.22311,5.995247938673809
0.2232,5.99539324415508
0.22329000000000002,5.995485690413532
0.22338000000000002,5.995584541511831
0.22347,5.995711567637513
0.22356,5.995852534435272
0.22365000000000002,5.996009962341178
0.22374000000000002,5.996152618536499
0.22383,5.996210900309856
0.22392,5.9963514577038115
0.22401000000000001,5.996491876376049
0.22410000000000002,5.996576847253105
0.22419,5.996767939798436
0.22428,5.996986429218594
0.22437,5.9972274395135345
0.22446000000000002,5.997520625642269
0.22455000000000003,5.997829783757389
0.22464,5.998066099918398
0.22473,5.998342543432563
0.22482000000000002,5.998661031668378
0.22491000000000003,5.998980389729667
0.225,5.9993781592076765
0.22509,5.999771489099214
0.22518000000000002,6.0001299989384425
0.22527000000000003,6.000466856637458
0.22536,6.000756022972241
0.22545,6.000931734161186
0.22554000000000002,6.001105538152443
0.22563000000000002,6.001270134673982
0.22572,6.001344474089273
0.22581,6.0014545352312
0.22590000000000002,6.001592880325663
0.22599000000000002,6.00174725682239
0.22608,6.00195620636198
0.22617,6.0022421856057555
0.22626000000000002,6.002502692755885
0.22635000000000002,6.002859927860585
0.22644,6.003292188876116
0.22653,6.0036009894964355
0.22662000000000002,6.003928781026762
0.22671000000000002,6.004163807715858
0.2268,6.0043104202383635
0.22689,6.004507337585073
0.22698000000000002,6.004737340931792
0.22707000000000002,6.00496807870241
0.22716,6.005295531696205
0.22725,6.0056884890593345
0.22734000000000001,6.005941085275323
0.22743000000000002,6.006237665312336
0.22752000000000003,6.006557895154181
0.22761,6.006821960778816
0.2277,6.007061605764486
0.22779000000000002,6.0073177597336365
0.22788000000000003,6.007455064580358
0.22797,6.007569398175631
0.22806,6.00777306337836
0.22815000000000002,6.007879425324835
0.22824000000000003,6.008096694590762
0.22833,6.008332400684446
0.22842,6.00853715842952
0.22851000000000002,6.008931719831803
0.22860000000000003,6.009354471611888
0.22869,6.009718784129982
0.22878,6.010098397242028
0.22887000000000002,6.010510891507262
0.22896000000000002,6.010744313054779
0.22905,6.011041957831215
0.22914,6.011375761278003
0.22923000000000002,6.01160816952921
0.22932000000000002,6.011891824843405
0.22941,6.012089667747495
0.2295,6.012238196033869
0.22959000000000002,6.0124612338249115
0.22968000000000002,6.012730720548437
0.22977,6.012856189775016
0.22986,6.0130046040644585
0.22995000000000002,6.013128363349089
0.23004000000000002,6.013035677989649
0.23013,6.012930468244645
0.23022,6.01282857592864
0.23031000000000001,6.012753984350998
0.23040000000000002,6.012785722337994
0.23049000000000003,6.012951524102015
0.23058,6.013151912701802
0.23067000000000001,6.01351174214356
0.23076000000000002,6.013979801263116
0.23085000000000003,6.014347586464005
0.23094,6.014859679829185
0.23103,6.015384262364425
0.23112000000000002,6.0158536146163515
0.23121000000000003,6.0163236198190235
0.2313,6.016686317624494
0.23139,6.0168827163422085
0.23148000000000002,6.017015089955388
0.23157000000000003,6.017092789684
0.23166,6.0169900874354285
0.23175,6.0169599583130235
0.23184000000000002,6.0169523613854095
0.23193000000000003,6.01692314197548
0.23202,6.016980073519238
0.23211,6.017077601517054
0.23220000000000002,6.017124713630506
0.23229000000000002,6.017212353151662
0.23238,6.017387642866173
0.23247,6.01745668081842
0.23256000000000002,6.017638525991854
0.23265000000000002,6.017889351815133
0.23274,6.018078347606529
0.23283,6.018253682131857
0.23292000000000002,6.0184121605534
0.23301000000000002,6.018542918976948
0.2331,6.018725983440924
0.23319,6.01902334129036
0.23328000000000002,6.019302434385345
0.23337000000000002,6.019617720940212
0.23346,6.019855021150332
0.23355,6.019955210198213
0.23364000000000001,6.02015139913308
0.23373000000000002,6.020323716125153
0.23382000000000003,6.020444630330628
0.23391,6.020590134484512
0.234,6.020787152420433
0.23409000000000002,6.0209685134653705
0.23418000000000003,6.021247259381643
0.23427,6.021623069724241
0.23436,6.022007213049166
0.23445000000000002,6.022464275214762
0.23454000000000003,6.022866178853173
0.23463,6.023122855902965
0.23472,6.023238476807754
0.23481000000000002,6.023219963442146
0.23490000000000003,6.023001393902575
0.23499,6.0227075125856855
0.23508,6.022414272631852
0.23517000000000002,6.0220918914489605
0.23526000000000002,6.021877328785357
0.23535,6.0217395538888185
0.23544,6.021678274315852
0.23553000000000002,6.0217822706643025
0.23562000000000002,6.022091042792502
0.23571,6.022483648675817
0.2358,6.022969195174895
0.23589000000000002,6.023519027151359
0.23598000000000002,6.023988751726662
0.23607,6.024517452224036
0.23616,6.024969851305751
0.23625000000000002,6.025277319748035
0.23634000000000002,6.025546794839686
0.23643,6.025732639587828
0.23652,6.025891801606347
0.23661000000000001,6.026054026999569
0.23670000000000002,6.0261768400321944
0.23679000000000003,6.026220762187252
0.23688,6.0262390597470965
0.23697000000000001,6.026213256121636
0.23706000000000002,6.026149808029893
0.23715000000000003,6.0261289499309125
0.23724,6.026113798584046
0.23733,6.0260015999761505
0.23742000000000002,6.0258308240082705
0.23751000000000003,6.025699534105129
0.2376,6.025536820274655
0.23769,6.02550734076796
0.23778000000000002,6.025579558149975
0.23787000000000003,6.025670796581119
0.23796,6.025891562487324
0.23805,6.026097105790887
0.23814000000000002,6.026243343322762
0.23823000000000003,6.026391320459241
0.23832,6.026575136851867
0.23841,6.026742537702645
0.23850000000000002,6.026952940794019
0.23859000000000002,6.027155481303487
0.23868,6.0272873200357076
0.23877,6.027527932708198
0.23886000000000002,6.027866498060464
0.23895000000000002,6.028233772541143
0.23904,6.028573337476407
0.23913,6.0288332959836834
0.23922000000000002,6.028959961793119
0.23931000000000002,6.0289980811332
0.2394,6.028987689847682
0.23949,6.028924338656935
0.23958000000000002,6.028845094731753
0.23967000000000002,6.028723905511132
0.23976000000000003,6.028518608396636
0.23985,6.0282618698735675
0.23994000000000001,6.028067309010938
0.24003000000000002,6.02788604362553
0.24012000000000003,6.027786776434499
0.24021,6.02778166450245
0.2403,6.027730741336049
0.24039000000000002,6.027734070007982
0.24048000000000003,6.02778917638208
0.24057,6.027918180411599
0.24066,6.028162325940617
0.24075000000000002,6.028378010297831
0.24084000000000003,6.028528421687112
0.24093,6.02862926477133
0.24102,6.028691147404638
0.24111000000000002,6.028740539648296
0.24120000000000003,6.028906276143336
0.24129,6.029136692116789
0.24138,6.029373215624771
0.24147000000000002,6.029658009647504
0.24156000000000002,6.029894750250812
0.24165,6.030143931863306
0.24174,6.03045824006475
0.24183000000000002,6.030782322909868
0.24192000000000002,6.031040220960536
0.24201,6.0312318442387705
0.2421,6.031292739058071
0.24219000000000002,6.03118982789498
0.24228000000000002,6.031023616211446
0.24237,6.03079973030509
0.24246,6.03053979346468
0.24255000000000002,6.030278168847886
0.24264000000000002,6.030020155089261
0.24273000000000003,6.029748648833041
0.24282,6.0295723716288006
0.24291000000000001,6.029555003462856
0.24300000000000002,6.029688324766292
0.24309000000000003,6.029980842285941
0.24318,6.030335442230756
0.24327000000000001,6.030717380953002
0.24336000000000002,6.031158123624856
0.24345000000000003,6.031649687325607
0.24354,6.032074639135254
0.24363,6.032487554640801
0.24372000000000002,6.032859976942589
0.24381000000000003,6.033064123578466
0.2439,6.0332246213693255
0.24399,6.033321377899826
0.24408000000000002,6.033377791637262
0.24417000000000003,6.03345624304968
0.24426,6.033504974153664
0.24435,6.033476177189446
0.24444000000000002,6.033442387701493
0.24453000000000003,6.033459156739064
0.24462,6.033492314451542
0.24471,6.033615645707963
0.24480000000000002,6.033799942907618
0.24489000000000002,6.0339905124506945
0.24498,6.0342002913724215
0.24507,6.034487259034557
0.24516000000000002,6.0347873835052175
0.24525000000000002,6.035046690881552
0.24534,6.0352480399965245
0.24543,6.0353664843200265
0.24552000000000002,6.035401917996911
0.24561000000000002,6.035344739787572
0.2457,6.035267587737559
0.24579,6.035290433011373
0.24588000000000002,6.035331019400082
0.24597000000000002,6.035350412751909
0.24606000000000003,6.035396214574299
0.24615,6.035538532535464
0.24624000000000001,6.03578797162519
0.24633000000000002,6.036133816697669
0.24642000000000003,6.036558590010832
0.24651,6.037061923144575
0.2466,6.037625543926631
0.24669000000000002,6.038078859039719
0.24678000000000003,6.038474371305115
0.24687,6.038892215211779
0.24696,6.039268260191813
0.24705000000000002,6.039544178812838
0.24714000000000003,6.039720648463241
0.24723,6.039782017154433
0.24732,6.0397426601124575
0.24741000000000002,6.039713634944043
0.24750000000000003,6.0396493414465855
0.24759,6.039598312552053
0.24768,6.039599880445437
0.24777000000000002,6.039571200606759
0.24786000000000002,6.039559778544933
0.24795,6.039519633776946
0.24804,6.039477304721555
0.24813000000000002,6.039567721835731
0.24822000000000002,6.039793594289958
0.24831,6.0400572231534175
0.2484,6.040346088698676
0.24849000000000002,6.040683858548463
0.24858000000000002,6.040997733403508
0.24867,6.041294113602761
0.24876,6.04157923914256
0.24885000000000002,6.041835095059819
0.24894000000000002,6.04205261918629
0.24903000000000003,6.042282457164068
0.24912,6.042566589262598
0.24921000000000001,6.042938359571152
0.24930000000000002,6.043373844545133
0.24939000000000003,6.0437425032684065
0.24948,6.044064301670184
0.24957000000000001,6.0443518182729745
0.24966000000000002,6.044586718060447
0.24975000000000003,6.044781737160924
0.24984,6.0449229142605825
0.24993,6.045000989502896
0.25002,6.045029824976114
0.25011,6.045044862526077
0.25020000000000003,6.04507863908968
0.25029,6.045113084932021
0.25038,6.045145152284382
0.25047,6.045179764664925
0.25056,6.045175537373983
0.25065000000000004,6.045162889079389
0.25074,6.045172160152555
0.25083,6.045226526446367
0.25092000000000003,6.045356934923786
0.25101,6.0455555055539065
0.2511,6.045833930351139
0.25119,6.046155795283202
0.25128,6.046445192704583
0.25137000000000004,6.046727150382645
0.25146,6.047032826656161
0.25155,6.047361750825232
0.25164000000000003,6.047705326597398
0.25173,6.0480750532519
0.25182,6.048428473449475
0.25191,6.0487350619358535
0.252,6.048981610419773
0.25209000000000004,6.0491589824749585
0.25218,6.049285343424894
0.25227,6.0493770215537905
0.25236000000000003,6.049461159621364
0.25245,6.049565791762364
0.25254000000000004,6.04968389210518
0.25263,6.0498237710858795
0.25272,6.04991180722324
0.25281000000000003,6.049907767741034
0.2529,6.049916774417376
0.25299,6.049822291082291
0.25308,6.049637442937218
0.25317,6.049450610166561
0.25326000000000004,6.049289333367727
0.25335,6.049206084806006
0.25344,6.04922653030402
0.25353000000000003,6.049347022717315
0.25362,6.049548185217512
0.25371,6.049810188352601
0.2538,6.050128955309831
0.25389,6.050466146629003
0.25398000000000004,6.050805762862015
0.25407,6.051190316936592
0.25416,6.051545731089275
0.25425000000000003,6.051914459496081
0.25434,6.0522862065506455
0.25443,6.052556672660929
0.25452,6.052837740502299
0.25461,6.053030794635076
0.25470000000000004,6.053119603547264
0.25479,6.053186608159175
0.25488,6.053148312675842
0.25497000000000003,6.0530430962045045
0.25506,6.052906254509312
0.25515000000000004,6.052751579246621
0.25524,6.052624450984419
0.25533,6.052584343754893
0.25542000000000004,6.052592077634736
0.25551,6.052627298106529
0.2556,6.052719202446826
0.25569000000000003,6.052814293383658
0.25578,6.052999595843403
0.25587000000000004,6.053285980884374
0.25596,6.053605342246605
0.25605,6.053967766375867
0.25614000000000003,6.054313062413507
0.25623,6.054591942140651
0.25632,6.054828445886104
0.25641,6.055078093866663
0.2565,6.055271150661757
0.25659000000000004,6.055420922595063
0.25668,6.05555449182419
0.25677,6.055679486043044
0.25686000000000003,6.055863456893083
0.25695,6.056108902049151
0.25704,6.056329078391499
0.25713,6.056466551335763
0.25722,6.05658904010191
0.25731000000000004,6.056683367962483
0.2574,6.056798335887686
0.25749,6.056951774254232
0.25758000000000003,6.057080974800691
0.25767,6.057236518367523
0.25776,6.057429237326628
0.25785,6.0576255140762285
0.25794,6.057820048971258
0.25803000000000004,6.058062666125885
0.25812,6.058192447464025
0.25821,6.058230949372704
0.25830000000000003,6.058301256098388
0.25839,6.058373175603692
0.25848000000000004,6.058490234377327
0.25857,6.05867978021851
0.25866,6.058885584827518
0.25875000000000004,6.059053604793266
0.25884,6.0593170686872035
0.25893,6.059562657664871
0.25902000000000003,6.059747567474108
0.25911,6.059947188440669
0.25920000000000004,6.060101740451843
0.25929,6.060210450597958
0.25938,6.060326132311088
0.25947000000000003,6.06043972712996
0.25956,6.0604689429745475
0.25965,6.060521546181555
0.25974,6.060609135647272
0.25983,6.060719471159265
0.25992000000000004,6.060897597563095
0.26001,6.06115472609967
0.2601,6.061416114745853
0.26019000000000003,6.061685145411991
0.26028,6.0619805075091335
0.26037,6.062208772129727
0.26046,6.0624952419174845
0.26055,6.062785099165278
0.26064000000000004,6.063001897260202
0.26073,6.063240869492968
0.26082,6.06345502040344
0.26091000000000003,6.063639480911557
0.261,6.0638194161655825
0.26109,6.063991128141889
0.26118,6.064120730108341
0.26127,6.064262899826993
0.26136000000000004,6.064408179457933
0.26145,6.0644984347725295
0.26154,6.0645417598564295
0.26163000000000003,6.064560554265869
0.26172,6.064554548541816
0.26181000000000004,6.064592684481257
0.2619,6.064779085251525
0.26199,6.064994156512816
0.26208000000000004,6.065257525392112
0.26217,6.065557159208172
0.26226,6.065812113195536
0.26235,6.06606373850315
0.26244,6.06636068432604
0.26253000000000004,6.066675417951916
0.26262,6.066977360221647
0.26271,6.0673126169850065
0.26280000000000003,6.067675820560626
0.26289,6.068040775580359
0.26298,6.06839234465876
0.26307,6.068739798520857
0.26316,6.06910246427948
0.26325000000000004,6.06945028141795
0.26334,6.069751405545912
0.26343,6.070008243643264
0.26352000000000003,6.070237774619999
0.26361,6.07038662439063
0.2637,6.070473631855157
0.26379,6.070526880097323
0.26388,6.070504691110752
0.26397000000000004,6.070449009054118
0.26406,6.070393156596143
0.26415,6.070378279456865
0.26424000000000003,6.070466387640121
0.26433,6.070679380886035
0.26442000000000004,6.070914447206688
0.26451,6.071209607887354
0.2646,6.07166094389579
0.26469000000000004,6.072159558659523
0.26478,6.072640576774347
0.26487,6.073148149752489
0.26496000000000003,6.073652940065016
0.26505,6.074021557098606
0.26514000000000004,6.074391706146802
0.26523,6.0747361670081625
0.26532,6.075023020335137
0.26541000000000003,6.075291123573017
0.2655,6.075480169326036
0.26559,6.075642063715162
0.26568,6.075796059399276
0.26577,6.075914377892474
0.26586000000000004,6.076026471905696
0.26595,6.076236806645546
0.26604,6.076516062813453
0.26613000000000003,6.076817199216715
0.26622,6.077172595182438
0.26631,6.077538267300682
0.2664,6.077891120260651
0.26649,6.078231085954148
0.26658000000000004,6.078535776225403
0.26667,6.078750479532609
0.26676,6.078968713505364
0.26685000000000003,6.079136741952536
0.26694,6.079199280202107
0.26703,6.079313860929847
0.26712,6.0794748585938025
0.26721,6.079673910560053
0.26730000000000004,6.079880093361633
0.26739,6.080035270953602
0.26748,6.080181879427621
0.26757000000000003,6.080414851921333
0.26766,6.080735630877284
0.26775000000000004,6.081099064038724
0.26784,6.081551523019818
0.26793,6.0820201823308855
0.26802000000000004,6.082465191034774
0.26811,6.082910912819229
0.2682,6.083372170361324
0.26829000000000003,6.083787255603162
0.26838,6.084193100202027
0.26847000000000004,6.084558690941335
0.26856,6.084780402229289
0.26865,6.084942389117791
0.26874000000000003,6.085007109588516
0.26883,6.084978437423435
0.26892,6.0849422664278405
0.26901,6.084949343891641
0.2691,6.084982528290411
0.26919000000000004,6.085079141003686
0.26928,6.085230963969725
0.26937,6.085356183360697
0.26946000000000003,6.085562411125632
0.26955,6.085844025567471
0.26964,6.086171577141835
0.26973,6.086538305294151
0.26982,6.086854907311107
0.26991000000000004,6.087065785366549
0.27,6.087234366884477
0.27009,6.087430695728503
0.27018000000000003,6.087608686858191
0.27027,6.087805379001843
0.27036000000000004,6.088009871189156
0.27045,6.08826602490473
0.27054,6.088664442957269
0.27063000000000004,6.089055825657657
0.27072,6.089472484633802
0.27081,6.0898753841802495
0.27090000000000003,6.090142553329731
0.27099,6.090354916213351
0.27108000000000004,6.090520089611441
0.27117,6.090684810395224
0.27126,6.090863185976806
0.27135000000000004,6.0909536846094365
0.27144,6.090981123489084
0.27153,6.090991350311327
0.27162000000000003,6.091023006324054
0.27171,6.091090787936423
0.27180000000000004,6.091152922448737
0.27189,6.091244702272639
0.27198,6.091342907274131
0.27207000000000003,6.091395912190831
0.27216,6.091459908103907
0.27225,6.0914974650302
0.27234,6.091535664149459
0.27243,6.091652135521846
0.27252000000000004,6.091865541477349
0.27261,6.09210437182695
0.2727,6.092359963041787
0.27279000000000003,6.092631647880878
0.27288,6.092895785836403
0.27297,6.093172180818954
0.27306,6.093441364723083
0.27315,6.09368685268553
0.27324000000000004,6.093883326772848
0.27333,6.093980534528378
0.27342,6.094053872874362
0.27351000000000003,6.094176130322702
0.2736,6.094346309593179
0.27369000000000004,6.094521212488587
0.27378,6.094727631523942
0.27387,6.094918039623299
0.27396000000000004,6.095094249741285
0.27405,6.095308645734282
0.27414,6.0954957388715165
0.27423000000000003,6.095615890396807
0.27432,6.095672270865663
0.27441000000000004,6.095679706839955
0.2745,6.095639558052962
0.27459,6.095572265566177
0.27468000000000004,6.095514413882988
0.27477,6.095491244932452
0.27486,6.095505663691734
0.27495,6.095560906291765
0.27504,6.095631675286315
0.27513000000000004,6.095734416620533
0.27522,6.0959087628530035
0.27531,6.096124960110323
0.27540000000000003,6.096365106183128
0.27549,6.096646384861665
0.27558,6.0969295464927855
0.27567,6.097108193100385
0.27576,6.097294136854158
0.27585000000000004,6.097514753572068
0.27594,6.097726256624242
0.27603,6.097905192555331
0.27612000000000003,6.098050014914104
0.27621,6.098158752201753
0.2763,6.098246564628817
0.27639,6.098364032382344
0.27648,6.098569862797169
0.27657000000000004,6.098792353786337
0.27666,6.099001646920804
0.27675,6.099199427410019
0.27684000000000003,6.099367063536678
0.27693,6.09955889474997
0.27702000000000004,6.099788562789083
0.27711,6.100012690826176
0.2772,6.100179716665103
0.27729000000000004,6.100284787137556
0.27738,6.1002754794068075
0.27747,6.100179674635055
0.27756000000000003,6.100062855615066
0.27765,6.099910143497175
0.27774000000000004,6.099781129472338
0.27783,6.099678285999859
0.27792,6.099596311390869
0.27801000000000003,6.099592065061207
0.2781,6.099705417120621
0.27819,6.0999332436021545
0.27828,6.100282184486236
0.27837,6.1007505270927105
0.27846000000000004,6.101246689394523
0.27855,6.101700288004663
0.27864,6.10213502497527
0.27873000000000003,6.1025854013938385
0.27882,6.103007503615475
0.27891,6.103426910440052
0.279,6.10379041521537
0.27909,6.104034851036198
0.27918000000000004,6.104168835621591
0.27927,6.104211243400457
0.27936,6.104175953714927
0.27945000000000003,6.104063639835445
0.27954,6.103866770897717
0.27963000000000005,6.10359604164927
0.27972,6.103331404546756
0.27981,6.103148180968968
0.27990000000000004,6.1030552912871565
0.27999,6.103006272485542
0.28008,6.103016752396204
0.28017000000000003,6.1030276946453625
0.28026,6.10306803041694
0.28035000000000004,6.103253151358332
0.28044,6.103478795371265
0.28053,6.10374373641743
0.28062000000000004,6.10404761365115
0.28071,6.104336170919319
0.2808,6.104585121915745
0.28089000000000003,6.104880763049971
0.28098,6.1052013402133225
0.28107000000000004,6.105502114932567
0.28116,6.105815791648649
0.28125,6.106056732213842
0.28134000000000003,6.106298618940539
0.28143,6.10654644574653
0.28152,6.1066951654959585
0.28161,6.10683607611791
0.2817,6.106971062366746
0.28179000000000004,6.107055159716456
0.28188,6.1070556795006015
0.28197,6.106966205256202
0.28206000000000003,6.106809102951141
0.28215,6.106633714184353
0.28224,6.106471833839519
0.28233,6.106326332177271
0.28242,6.106236101513297
0.28251000000000004,6.106175016357827
0.2826,6.106133195851785
0.28269,6.106158498578476
0.28278000000000003,6.106294610399195
0.28287,6.106536074357761
0.28296000000000004,6.106830020058564
0.28305,6.107118401958006
0.28314,6.107394102338452
0.28323000000000004,6.107712891607679
0.28332,6.108029635663332
0.28341,6.108271329341841
0.28350000000000003,6.108441973712414
0.28359,6.10859382048824
0.28368000000000004,6.108706188715718
0.28377,6.108785782659118
0.28386,6.108873832663094
0.28395000000000004,6.108947078576947
0.28404,6.108985470149939
0.28413,6.109011957956633
0.28422000000000003,6.109059111071747
0.28431,6.109130312897537
0.28440000000000004,6.109233560486126
0.28449,6.109322562388088
0.28458,6.109379182600784
0.28467000000000003,6.109426809534322
0.28476,6.109416169378631
0.28485,6.10938992914362
0.28494,6.109369471564403
0.28503,6.109348488746885
0.28512000000000004,6.10937572949293
0.28521,6.109438490363131
0.2853,6.109484261988757
0.28539000000000003,6.109498040932096
0.28548,6.10952859450932
0.28557,6.109581406686158
0.28566,6.109648142406469
0.28575,6.109718995246619
0.28584000000000004,6.109788542799126
0.28593,6.109862287242898
0.28602,6.1099469366023
0.28611000000000003,6.110058975273879
0.2862,6.110225789948655
0.28629000000000004,6.11045592789984
0.28638,6.1106624599876325
0.28647,6.110819133497643
0.28656000000000004,6.110945502558753
0.28665,6.111037589051807
0.28674,6.111072755436744
0.28683000000000003,6.1110653168370535
0.28692,6.111042177943124
0.28701000000000004,6.111010457344163
0.2871,6.110958515013696
0.28719,6.110924853382023
0.28728000000000004,6.110939410257329
0.28737,6.111001325970067
0.28746,6.111093199344876
0.28755000000000003,6.111194033162498
0.28764,6.111330536275257
0.28773000000000004,6.111511072687786
0.28782,6.111692943371139
0.28791,6.111858530759035
0.28800000000000003,6.111940298091695
0.28809,6.111958688093541
0.28818,6.111984248008953
0.28827,6.111970047598116
0.28836,6.111946591995831
0.28845000000000004,6.111928813873631
0.28854,6.111918272957161
0.28863,6.111935434586069
0.28872000000000003,6.1119473994098055
0.28881,6.111983978037252
0.28890000000000005,6.112046532617918
0.28899,6.112094741649583
0.28908,6.112193893603839
0.28917000000000004,6.112306268121729
0.28926,6.112418948246591
0.28935,6.112559145254401
0.28944000000000003,6.112699031519017
0.28953,6.112838733668212
0.28962000000000004,6.113026695636894
0.28971,6.113252371545772
0.2898,6.113409599810679
0.28989000000000004,6.113504522731996
0.28998,6.113583075286429
0.29007,6.113662674330192
0.29016000000000003,6.11372887374328
0.29025,6.113783624615672
0.29034000000000004,6.113806554256479
0.29043,6.1137876803288975
0.29052,6.113730545303023
0.29061000000000003,6.113639516731199
0.2907,6.113552488487515
0.29079,6.113493924294589
0.29088,6.113450875747449
0.29097,6.113393320744131
0.29106000000000004,6.113337754672293
0.29115,6.113315949582635
0.29124,6.1133044677133705
0.29133000000000003,6.113262434978296
0.29142,6.113242252627629
0.29151,6.113257391145307
0.2916,6.113306438379877
0.29169,6.113393054020088
0.29178000000000004,6.113513762554518
0.29187,6.113631535374796
0.29196,6.113779332377903
0.29205000000000003,6.113980364961293
0.29214,6.114190767254384
0.29223000000000005,6.114388131769902
0.29232,6.114555567388677
0.29241,6.114692688241264
0.29250000000000004,6.114816035313319
0.29259,6.114929758274045
0.29268,6.114969358647226
0.29277000000000003,6.114938459489494
0.29286,6.1148827570584015
0.29295000000000004,6.114797196880167
0.29304,6.114648623811781
0.29313,6.11449092873765
0.29322000000000004,6.114354793806928
0.29331,6.11420699878152
0.2934,6.114086175651329
0.29349000000000003,6.1140268467795345
0.29358,6.114009367286823
0.29367000000000004,6.11399690322032
0.29376,6.11400206911628
0.29385,6.1140288222117
0.29394000000000003,6.114062408341106
0.29403,6.114099449153788
0.29412,6.114157060963907
0.29421,6.114217403748596
0.2943,6.114280343235251
0.29439000000000004,6.11434214919993
0.29448,6.114401521910038
0.29457,6.114498022721381
0.29466000000000003,6.1145967650126325
0.29475,6.114678758053522
0.29484,6.114764932528383
0.29493,6.114869873978312
0.29502,6.11498832375263
0.29511000000000004,6.1151535361511975
0.2952,6.115346371867727
0.29529,6.115474794883162
0.29538000000000003,6.1155659890726515
0.29547,6.115636497367053
0.29556000000000004,6.11564520833685
0.29565,6.115558875909662
0.29574,6.1154468548344
0.29583000000000004,6.1153153543428145
0.29592,6.115162978502138
0.29601,6.11500595696292
0.29610000000000003,6.114858035286528
0.29619,6.114715116539308
0.29628000000000004,6.114589316059265
0.29637,6.114510442812747
0.29646,6.114503398963048
0.29655000000000004,6.114557305602014
0.29664,6.1146443602100735
0.29673,6.114767297106204
0.29682000000000003,6.114943124516638
0.29691,6.115142408324417
0.29700000000000004,6.115318529178312
0.29709,6.115464788599252
0.29718,6.115593963680192
0.29727000000000003,6.115706186115327
0.29736,6.115824329272913
0.29745,6.115923452557096
0.29754,6.115998990551377
0.29763,6.116077134049272
0.29772000000000004,6.116118950992086
0.29781,6.116169807327517
0.2979,6.116248973008598
0.29799000000000003,6.116336409635373
0.29808,6.116437014173268
0.29817000000000005,6.116488869410938
0.29826,6.116517315036999
0.29835,6.116579220529246
0.29844000000000004,6.116663891750958
0.29853,6.116752633663973
0.29862,6.116855215608818
0.29871000000000003,6.116929724355171
0.2988,6.116915370254631
0.29889000000000004,6.1168703974458545
0.29898,6.116754371531671
0.29907,6.116598288130258
0.29916000000000004,6.1164564828071555
0.29925,6.1162817694961795
0.29934,6.116178756897718
0.29943000000000003,6.116207780085317
0.29952,6.11632263826441
0.29961000000000004,6.11645352035926
0.2997,6.1166532198376755
0.29979,6.116895350916102
0.29988000000000004,6.117192542637837
0.29997,6.117577184126366
0.30006,6.117937521582801
0.30015000000000003,6.118279259740091
0.30024,6.118585273785167
0.30033000000000004,6.1188310235709
0.30042,6.11905704287479
0.30051,6.1192316660661055
0.30060000000000003,6.119342708399647
0.30069,6.119410043074033
0.30078,6.119456399285162
0.30087,6.11948291943315
0.30096,6.119492974186236
0.30105000000000004,6.119492893929099
0.30114,6.119458080418087
0.30123,6.119345808265932
0.30132000000000003,6.119334448873502
0.30141,6.119393864411969
0.30150000000000005,6.119408117445842
0.30159,6.119433257744255
0.30168,6.11945920062057
0.30177000000000004,6.119521606820041
0.30186,6.119645556191408
0.30195,6.119802320774051
0.30204000000000003,6.119968000367739
0.30213,6.120117846999067
0.30222000000000004,6.120242986319547
0.30231,6.120377105291537
0.3024,6.120584805272719
0.30249000000000004,6.120829176121572
0.30258,6.121090994251514
0.30267,6.1213733596375945
0.30276000000000003,6.121672903138636
0.30285,6.122012913604966
0.30294000000000004,6.122347661868432
0.30303,6.122646718789
0.30312,6.122912097549964
0.30321000000000004,6.123095809464388
0.3033,6.123245883461808
0.30339,6.1233647771180655
0.30348,6.123412748773894
0.30357,6.123407016129175
0.30366000000000004,6.123375808268679
0.30375,6.123324353963969
0.30384,6.123278054151907
0.30393000000000003,6.123282091430423
0.30402,6.12329718437365
0.30411,6.123314130664735
0.3042,6.123339218563877
0.30429,6.1233794075572145
0.30438000000000004,6.123448767509468
0.30447,6.123503073631911
0.30456,6.123523784119704
0.30465000000000003,6.123564109443746
0.30474,6.123708933285924
0.30483000000000005,6.123936227188156
0.30492,6.124216659666641
0.30501,6.124527711180677
0.30510000000000004,6.124843006924298
0.30519,6.1251497807963915
0.30528,6.125465127240823
0.30537000000000003,6.125761503051403
0.30546,6.125991751352271
0.30555000000000004,6.126176965322451
0.30564,6.126315085088551
0.30573,6.12642674544055
0.30582000000000004,6.126542911972492
0.30591,6.126660943174166
0.306,6.126742107377537
0.30609000000000003,6.126804209485436
0.30618,6.126849146805837
0.30627000000000004,6.126849898712045
0.30636,6.126850421606786
0.30645,6.126819120305133
0.30654000000000003,6.126771550567752
0.30663,6.126745432633639
0.30672,6.126697693835413
0.30681,6.126680333993828
0.3069,6.126731024600216
0.30699000000000004,6.126829538837806
0.30708,6.126933242976208
0.30717,6.127056015659761
0.30726000000000003,6.127230587930353
0.30735,6.127438429191849
0.30744000000000005,6.1276350499139935
0.30753,6.127850414875624
0.30762,6.128067940837361
0.30771000000000004,6.128262662320944
0.3078,6.1284431849375105
0.30789,6.1286330974752055
0.30798000000000003,6.128761594627669
0.30807,6.128859520119776
0.30816000000000004,6.12898983054014
0.30825,6.129145795958061
0.30834,6.1293086905693395
0.30843000000000004,6.129442625502522
0.30852,6.129551501849706
0.30861,6.129669980171201
0.30870000000000003,6.12979214293474
0.30879,6.12990798583576
0.30888000000000004,6.130004547866631
0.30897,6.130072227270641
0.30906,6.130110100753076
0.30915000000000004,6.130117214126329
0.30924,6.130153588959839
0.30933,6.130228172763136
0.30942000000000003,6.130270250468785
0.30951,6.13029502386212
0.30960000000000004,6.13032476701416
0.30969,6.130380345397163
0.30978,6.130480295388743
0.30987000000000003,6.130622040707359
0.30996,6.130755251375457
0.31005,6.130898779602511
0.31014,6.131067792470781
0.31023,6.131212990454434
0.31032000000000004,6.1314012269939795
0.31041,6.13159897568317
0.3105,6.131765623888413
0.31059000000000003,6.131915766583488
0.31068,6.1320189428103555
0.31077000000000005,6.132080184485487
0.31086,6.132131242620913
0.31095,6.132206257424673
0.31104000000000004,6.132322218060623
0.31113,6.132464827327998
0.31122,6.132592532526806
0.31131000000000003,6.13270648648853
0.3114,6.132858127770124
0.31149000000000004,6.133005380366167
0.31158,6.133132671853806
0.31167,6.133239004831635
0.31176000000000004,6.133313547867202
0.31185,6.133351519433489
0.31194,6.13337338809466
0.31203000000000003,6.133385964937046
0.31212,6.133398006505869
0.31221000000000004,6.133448353383227
0.3123,6.133540258823989
0.31239,6.133618229850496
0.31248000000000004,6.133653130544492
0.31257,6.133684924884066
0.31266,6.1337294177098265
0.31275000000000003,6.1337822493831196
0.31284,6.1338391028970065
0.31293000000000004,6.133902630721208
0.31302,6.133974422403232
0.31311,6.134051348218339
0.31320000000000003,6.134140640916813
0.31329,6.134271854905117
0.31338000000000005,6.134466673340965
0.31347,6.134643627907577
0.31356,6.134820478703011
0.31365000000000004,6.135007096470035
0.31374,6.135149182990071
0.31383,6.135291868058054
0.31392000000000003,6.135445260565268
0.31401,6.135604059264512
0.31410000000000005,6.1357422986253995
0.31419,6.135805612582719
0.31428,6.135880151393021
0.31437000000000004,6.135970247801398
0.31446,6.136035018661439
0.31455,6.136111388825555
0.31464000000000003,6.1362413078382785
0.31473,6.136358446486742
0.31482000000000004,6.136422320096236
0.31491,6.13647208417896
0.315,6.136502790828073
0.31509000000000004,6.136538685461041
0.31518,6.136564344736045
0.31527,6.136539074806623
0.31536000000000003,6.136475294625709
0.31545,6.136421706891948
0.31554000000000004,6.136397500383503
0.31563,6.136415966473695
0.31572,6.136492476787964
0.31581000000000004,6.1365677217507635
0.3159,6.136675198201107
0.31599,6.13683744461036
0.31608,6.137022539570532
0.31617,6.137238453031797
0.31626000000000004,6.13748445734004
0.31635,6.137736702063316
0.31644,6.137985209985525
0.31653000000000003,6.1382465269555055
0.31662,6.13844772117628
0.31671000000000005,6.138604588386423
0.3168,6.138742009277585
0.31689,6.138834617134276
0.31698000000000004,6.1389427611162075
0.31707,6.139032304993145
0.31716,6.139049724226137
0.31725000000000003,6.139015238961344
0.31734,6.139009165139395
0.31743000000000005,6.138968276156162
0.31752,6.1389210983539275
0.31761,6.138910144444456
0.31770000000000004,6.13885615295192
0.31779,6.138816476388963
0.31788,6.138769558363741
0.31797000000000003,6.138724267190177
0.31806,6.138768827986853
0.31815000000000004,6.138866219460233
0.31824,6.138934032252056
0.31833,6.139009761955273
0.31842000000000004,6.139173691309441
0.31851,6.139363845312354
0.3186,6.139612131239189
0.31869000000000003,6.139884856396543
0.31878,6.140135934461104
0.31887000000000004,6.140398385932819
0.31896,6.140656670737051
0.31905,6.140880240045622
0.31914000000000003,6.141083984452986
0.31923,6.141288384522403
0.31932,6.14141631010351
0.31941,6.141549500907736
0.3195,6.141677685933823
0.31959000000000004,6.141740122127256
0.31968,6.141827068441624
0.31977,6.141917014907336
0.31986000000000003,6.141966397751987
0.31995,6.14197620402517
0.32004000000000005,6.141971169251585
0.32013,6.141911736867804
0.32022,6.1418773789492365
0.32031000000000004,6.141884758343331
0.3204,6.141882988371386
0.32049,6.141966087822127
0.32058000000000003,6.142078500732584
0.32067,6.142197005449531
0.32076000000000005,6.142351139456696
0.32085,6.142525117801835
0.32094,6.142711977250242
0.32103000000000004,6.14295384844457
0.32112,6.143215909183292
0.32121,6.143396115676448
0.32130000000000003,6.1435955021029915
0.32139,6.143824321642427
0.32148000000000004,6.144066885351097
0.32157,6.144329040001956
0.32166,6.144582003142805
0.32175000000000004,6.144779968883738
0.32184,6.144957540433434
0.32193,6.145150095643137
0.32202000000000003,6.145316706437489
0.32211,6.145513539568657
0.32220000000000004,6.1456999537083545
0.32229,6.145834521533359
0.32238,6.145946116507256
0.32247000000000003,6.146020464892246
0.32256,6.146058287887079
0.32265000000000005,6.146074553199795
0.32274,6.146072966816903
0.32283,6.146043396705369
0.32292000000000004,6.146051259666048
0.32301,6.146088375919577
0.3231,6.146132357766124
0.32319000000000003,6.146228749617468
0.32328,6.146362861851368
0.32337000000000005,6.146505244749726
0.32346,6.146650417480659
0.32355,6.146812907543505
0.32364000000000004,6.146992022775604
0.32373,6.14720698838453
0.32382,6.147439890248322
0.32391000000000003,6.147673099974214
0.324,6.1479359460704925
0.32409000000000004,6.148135854116467
0.32418,6.148293353492766
0.32427,6.148458409889161
0.32436000000000004,6.148599397335296
0.32445,6.148738870806267
0.32454,6.148871804393123
0.32463000000000003,6.1489496006058815
0.32472,6.148970592272153
0.32481000000000004,6.149069414649548
0.3249,6.149194617086406
0.32499,6.1493036981739
0.32508000000000004,6.1494112805187005
0.32517,6.149508122569065
0.32526,6.149577406269432
0.32535000000000003,6.149626783378422
0.32544,6.149653339593477
0.32553000000000004,6.149656133193828
0.32562,6.149723853250705
0.32571,6.14980472434309
0.32580000000000003,6.14986949957958
0.32589,6.1499477429902445
0.32598000000000005,6.150002727436799
0.32607,6.150067635643516
0.32616,6.150159147577402
0.32625000000000004,6.1502625327924
0.32634,6.150367771684305
0.32643,6.150472892388787
0.32652000000000003,6.1505827878330965
0.32661,6.150698839567174
0.32670000000000005,6.150825358450618
0.32679,6.150985288210757
0.32688,6.151132113345231
0.32697000000000004,6.15126788627985
0.32706,6.151433770476291
0.32715,6.1515984846500045
0.32724000000000003,6.151728555059688
0.32733,6.151842390783633
0.32742000000000004,6.151952521255647
0.32751,6.1520278184829005
0.3276,6.152097975919376
0.32769000000000004,6.152168719905404
0.32778,6.152254999642998
0.32787,6.152358496979089
0.32796000000000003,6.15238817753678
0.32805,6.152413774554786
0.32814000000000004,6.152460709837149
0.32823,6.152498374092111
0.32832,6.152560644142252
0.32841000000000004,6.1526122336342315
0.3285,6.152639933542092
0.32859,6.15266227245284
0.32868,6.152683466289849
0.32877,6.1526664169052445
0.32886000000000004,6.152694188513874
0.32895,6.152755530099437
0.32904,6.152766858677584
0.32913000000000003,6.152843125649592
0.32922,6.152954347438479
0.32931000000000005,6.153068465117661
0.3294,6.1532098038420475
0.32949,6.153396874970808
0.32958000000000004,6.153587288037178
0.32967,6.153795211047063
0.32976,6.154026448606999
0.32985000000000003,6.154227801771763
0.32994,6.1543822290267896
0.33003000000000005,6.154515394631778
0.33012,6.154633205983756
0.33021,6.154724413149715
0.33030000000000004,6.1548084292563
0.33039,6.154858574182523
0.33048,6.1548723011586155
0.33057000000000003,6.154882454616954
0.33066,6.154910471031437
0.33075000000000004,6.154915030579259
0.33084,6.154906171658098
0.33093,6.154883755043699
0.33102000000000004,6.154833011085276
0.33111,6.15483981092757
0.3312,6.154867161232946
0.33129000000000003,6.154881772845129
0.33138,6.1548937859686035
0.33147000000000004,6.1548967923179445
0.33156,6.154947952229545
0.33165,6.155037189729592
0.33174000000000003,6.155147110452255
0.33183,6.155309129594897
0.33192000000000005,6.155452630988308
0.33201,6.155601818246375
0.3321,6.155817537859353
0.33219000000000004,6.156084825105744
0.33228,6.156300113030927
0.33237,6.156515173030289
0.33246000000000003,6.15671321639414
0.33255,6.156837990781027
0.33264000000000005,6.15695226138421
0.33273,6.157016198851087
0.33282,6.157040404962433
0.33291000000000004,6.157055507980895
0.333,6.157046452253239
0.33309,6.157012645964202
0.33318000000000003,6.156990234197918
0.33327,6.156973498183088
0.33336000000000005,6.156925855279441
0.33345,6.1568822409086135
0.33354,6.156877315761618
0.33363000000000004,6.156908423671457
0.33372,6.156955543471561
0.33381,6.1570089643522
0.33390000000000003,6.157042837103996
0.33399,6.157115555478428
0.33408000000000004,6.157257463857017
0.33417,6.157406467638428
0.33426,6.157546680703589
0.33435000000000004,6.157689434753325
0.33444,6.15783276701603
0.33453,6.1579690961120335
0.33462000000000003,6.15811186611625
0.33471,6.1582195743324
0.33480000000000004,6.158325187087154
0.33489,6.158443887332846
0.33498,6.158491667747933
0.33507000000000003,6.1585385751698185
0.33516,6.1586302720231965
0.33525000000000005,6.158730348289886
0.33534,6.158787991850383
0.33543,6.158857026433009
0.33552000000000004,6.158950858710885
0.33561,6.159047882628168
0.3357,6.1591232390637005
0.33579000000000003,6.159172387398051
0.33588,6.159226084820889
0.33597000000000005,6.159276756737394
0.33606,6.159289400054459
0.33615,6.159263438020021
0.33624000000000004,6.15927046030256
0.33633,6.1592796080664565
0.33642,6.159280278278359
0.33651000000000003,6.159313877871867
0.3366,6.159339436554967
0.33669000000000004,6.15942740529596
0.33678,6.159538133846433
0.33687,6.159602914558934
0.33696000000000004,6.1597226962852405
0.33705,6.159872513471363
0.33714,6.160015620311939
0.33723000000000003,6.160144424382338
0.33732,6.160257136165959
0.33741000000000004,6.160336169316651
0.3375,6.160434529897724
0.33759,6.1605411905638165
0.33768000000000004,6.16060096194862
0.33777,6.160680569293668
0.33786,6.160741865799564
0.33795000000000003,6.1607661851202336
0.33804,6.160785796621104
0.33813000000000004,6.1608158483445
0.33822,6.1608121301762475
0.33831,6.160806657210527
0.33840000000000003,6.160831646925352
0.33849,6.160867417566783
0.33858000000000005,6.160938325298294
0.33867,6.16098596554394
0.33876,6.160995360530827
0.33885000000000004,6.161023932148154
0.33894,6.161086463907485
0.33903,6.161108757029224
0.33912000000000003,6.161121426341774
0.33921,6.161160966001285
0.33930000000000005,6.161158462457742
0.33939,6.1611925548984665
0.33948,6.161256697736042
0.33957000000000004,6.1613178147557415
0.33966,6.161385543533261
0.33975,6.161444033254364
0.33984000000000003,6.1614690853362575
0.33993,6.161514708578466
0.34002000000000004,6.161615331142406
0.34011,6.161656826181965
0.3402,6.161684358210955
0.34029000000000004,6.161735066624032
0.34038,6.1618040481974266
0.34047,6.1618840979834175
0.34056000000000003,6.161954717472414
0.34065,6.162006351033281
0.34074000000000004,6.162054368584037
0.34083,6.162120753140521
0.34092,6.162196309458993
0.34101000000000004,6.162280048514575
0.3411,6.162362503307407
0.34119000000000005,6.162420211365667
0.34128000000000003,6.162443253400269
0.34137,6.1624921678439835
0.34146000000000004,6.162553665659885
0.34155,6.162587345146884
0.34164,6.162600604137576
0.34173000000000003,6.162608519121999
0.34182,6.162639560447583
0.34191000000000005,6.162705137786847
0.342,6.162783766010544
0.34209,6.16283975519869
0.34218000000000004,6.162869620635252
0.34227,6.1629035789617985
0.34236,6.162959261956317
0.34245000000000003,6.163011837603735
0.34254,6.163067848118585
0.34263000000000005,6.163126152126408
0.34272,6.163182573279602
0.34281,6.163248914606879
0.34290000000000004,6.163352039240511
0.34299,6.163485886947796
0.34308,6.1636037106625485
0.34317000000000003,6.163677068384865
0.34326,6.163757126653568
0.34335000000000004,6.163844288001069
0.34344,6.163936550858921
0.34353,6.164026385896088
0.34362000000000004,6.164092492980517
0.34371,6.16416809895012
0.3438,6.164254629775705
0.34389000000000003,6.164346649410211
0.34398,6.164448209301911
0.34407000000000004,6.164532595432757
0.34416,6.164590188040305
0.34425,6.164635522191709
0.34434000000000003,6.164682526468195
0.34443,6.164718544944182
0.34452000000000005,6.16473656622479
0.34461,6.164740981277969
0.3447,6.164728741095619
0.34479000000000004,6.164692444599736
0.34488,6.1646749007132335
0.34497,6.164703713246495
0.34506000000000003,6.16475049905808
0.34515,6.1647764067450845
0.34524000000000005,6.164827895993664
0.34533,6.1649216876655855
0.34542,6.165042740971026
0.34551000000000004,6.165177652029892
0.3456,6.16533056477516
0.34569,6.165471861959343
0.34578000000000003,6.165613392911104
0.34587,6.165780064282056
0.34596000000000005,6.1659586489512535
0.34605,6.166104512105395
0.34614,6.166187083465596
0.34623000000000004,6.166241092835527
0.34632,6.166320795544474
0.34641,6.166390346926651
0.34650000000000003,6.166402012442851
0.34659,6.1663691015193995
0.34668000000000004,6.166345444257713
0.34677,6.166353382286367
0.34686,6.166347337523112
0.34695000000000004,6.166345867550428
0.34704,6.1663644215440705
0.34713,6.166367738792314
0.34722000000000003,6.166364856405585
0.34731,6.166376490054393
0.34740000000000004,6.166424925299396
0.34749,6.16649472306705
0.34758,6.166513822324597
0.34767000000000003,6.166525279366811
0.34776,6.166557767582506
0.34785000000000005,6.166610402473828
0.34794,6.166689172405262
0.34803,6.166767671096728
0.34812000000000004,6.166847980608175
0.34821,6.166917175807801
0.3483,6.166963373439334
0.34839000000000003,6.167065264047056
0.34848,6.167159500859026
0.34857000000000005,6.167207940801726
0.34866,6.167245729633704
0.34875,6.1672909052316385
0.34884000000000004,6.167355106937796
0.34893,6.167411002873394
0.34902,6.167437151880967
0.34911000000000003,6.1674560451217175
0.3492,6.167476965762177
0.34929000000000004,6.167472242706439
0.34938,6.167451086192512
0.34947,6.167444079214049
0.34956000000000004,6.167402433544077
0.34965,6.167360491454033
0.34974,6.167318012944483
0.34983000000000003,6.1672583876515965
0.34992,6.167228848029342
0.35001000000000004,6.167213032009466
0.3501,6.167197725752522
0.35019,6.167198437008827
0.35028000000000004,6.167241834914493
0.35037,6.167323870771058
0.35046000000000005,6.167396938183926
0.35055000000000003,6.167435537346535
0.35064,6.16746808034542
0.35073000000000004,6.167532172577137
0.35082,6.167566021813965
0.35091,6.167572467802245
0.35100000000000003,6.16758328294255
0.35109,6.1675634794722045
0.35118000000000005,6.167543400246997
0.35127,6.167553401867929
0.35136,6.167593344344861
0.35145000000000004,6.167641585341704
0.35154,6.167687072633838
0.35163,6.167727538519021
0.35172000000000003,6.16776389317626
0.35181,6.167791036484908
0.35190000000000005,6.16780006236992
0.35199,6.167824846097892
0.35208,6.16785589735237
0.35217000000000004,6.1678689674463225
0.35226,6.167882628247998
0.35235,6.167911510472654
0.35244000000000003,6.167929196518948
0.35253,6.167919265811607
0.35262000000000004,6.167900873914399
0.35271,6.167883934929822
0.3528,6.167850983305452
0.35289000000000004,6.167802470367235
0.35298,6.167759143616571
0.35307,6.167733015046495
0.35316000000000003,6.16773970984485
0.35325,6.167763677698692
0.35334000000000004,6.167780874472176
0.35343,6.167800090695438
0.35352,6.167864119450685
0.35361000000000004,6.167946464173884
0.3537,6.168049687127496
0.35379000000000005,6.168202635807456
0.35388000000000003,6.1683307878278875
0.35397,6.168442914880692
0.35406000000000004,6.168550797178783
0.35415,6.168644936868155
0.35424,6.168724599256245
0.35433000000000003,6.168769719172053
0.35442,6.168794403582367
0.35451000000000005,6.168813291315722
0.3546,6.16881699452637
0.35469,6.168821239316862
0.35478000000000004,6.168815043780126
0.35487,6.168790235435666
0.35496,6.168757900622601
0.35505000000000003,6.168732265810769
0.35514,6.168732284383502
0.35523000000000005,6.168723148839057
0.35532,6.168692055464877
0.35541,6.16870342150896
0.35550000000000004,6.168706211235468
0.35559,6.168714960597489
0.35568,6.168760288692517
0.35577000000000003,6.1688231660096395
0.35586,6.168893679437539
0.35595000000000004,6.168983679520285
0.35604,6.169093894534118
0.35613,6.169216384399888
0.35622000000000004,6.169355267241079
0.35631,6.169473545419114
0.35640000000000005,6.169584966916045
0.35649000000000003,6.169713755257394
0.35658,6.169833727363663
0.35667000000000004,6.169941776004328
0.35676,6.170042501063548
0.35685,6.170107367755356
0.35694000000000004,6.170110029647002
0.35703,6.1701223977413475
0.35712000000000005,6.1701497917140555
0.35721,6.170181176248975
0.3573,6.170211099121153
0.35739000000000004,6.170218499540109
0.35748,6.17020210027784
0.35757,6.170196875050433
0.35766000000000003,6.170215100974087
0.35775,6.170221933392377
0.35784000000000005,6.170229739329402
0.35793,6.17024101958781
0.35802,6.170278934167931
0.35811000000000004,6.170363420385939
0.3582,6.17043653925224
0.35829,6.170510052673059
0.35838000000000003,6.170610276688296
0.35847,6.170731836893641
0.35856000000000005,6.170843534374207
0.35865,6.1709438917614765
0.35874,6.171054018007281
0.35883000000000004,6.171175435386204
0.35892,6.171285143562723
0.35901,6.171396509247286
0.35910000000000003,6.1714924800658695
0.35919,6.1715800607187985
0.35928000000000004,6.171673208050711
0.35937,6.171724686876198
0.35946,6.171782811068277
0.35955000000000004,6.171854651371399
0.35964,6.171922902350894
0.35973000000000005,6.17200802085797
0.35982000000000003,6.172054938360647
0.35991,6.172077739863771
0.36000000000000004,6.172114430055623
0.36009,6.17215897044723
0.36018,6.172186160418155
0.36027000000000003,6.17220295493075
0.36036,6.172219708291682
0.36045000000000005,6.172245940831571
0.36054,6.172307049081728
0.36063,6.172399022227573
0.36072000000000004,6.172505012599871
0.36081,6.172613738619077
0.3609,6.172725058379919
0.36099000000000003,6.172838713362538
0.36108,6.172968533183056
0.36117000000000005,6.173105659054283
0.36126,6.1732264601243525
0.36135,6.17335369851773
0.36144000000000004,6.173466616003459
0.36153,6.173575747904312
0.36162,6.17370374755113
0.36171000000000003,6.173817060438351
0.3618,6.173921183371918
0.36189000000000004,6.174011734176066
0.36198,6.174090597628674
0.36207,6.174176775216663
0.36216000000000004,6.1742461612531585
0.36225,6.174306322205967
0.36234,6.174371146280813
0.36243000000000003,6.174436724206414
0.36252,6.17449487860171
0.36261000000000004,6.174541781622862
0.3627,6.174590803397168
0.36279,6.174654402458172
0.36288000000000004,6.1747266498989255
0.36297,6.1748242064549
0.36306000000000005,6.174949196509848
0.36315000000000003,6.175073583191061
0.36324,6.175171105959379
0.36333000000000004,6.175286201161758
0.36342,6.175444076603803
0.36351,6.1756007022407395
0.36360000000000003,6.1757161849467925
0.36369,6.175858121664414
0.36378000000000005,6.175982140172081
0.36387,6.176086940136201
0.36396,6.176210055560601
0.36405000000000004,6.176342291061079
0.36414,6.176473627918494
0.36423,6.176599105657643
0.36432000000000003,6.176710998805161
0.36441,6.176803937327941
0.36450000000000005,6.176891425109608
0.36459,6.1769520065943375
0.36468,6.176999192450272
0.36477000000000004,6.177072473357667
0.36486,6.177160338214723
0.36495,6.1772315962730495
0.36504000000000003,6.17727547909823
0.36513,6.177326466630731
0.36522000000000004,6.177432756788993
0.36531,6.177547688057018
0.3654,6.1776705116970385
0.36549000000000004,6.177809849324727
0.36558,6.177951952318175
0.36567000000000005,6.178105209935227
0.36576000000000003,6.178264510612832
0.36585,6.178398444402323
0.36594000000000004,6.178509513110715
0.36603,6.178665964144739
0.36612,6.17880176322955
0.36621000000000004,6.178890036920954
0.3663,6.178979122591517
0.36639000000000005,6.1791105565255116
0.36648000000000003,6.179214084895673
0.36657,6.179283386758539
0.36666000000000004,6.17934065278641
0.36675,6.17939715022147
0.36684,6.179473502858054
0.36693000000000003,6.179565518585661
0.36702,6.179651782889053
0.36711000000000005,6.179733741390411
0.3672,6.179847242782102
0.36729,6.17996219972181
0.36738000000000004,6.180072971295412
0.36747,6.180201357045032
0.36756,6.180350688182023
0.36765000000000003,6.180475555774731
0.36774,6.1805929047026344
0.36783000000000005,6.180724860062709
0.36792,6.180864945792009
0.36801,6.181001104828164
0.36810000000000004,6.181098767404829
0.36819,6.181183971763806
0.36828,6.181293138613882
0.36837000000000003,6.181400707976148
0.36846,6.181505844574719
0.36855000000000004,6.181613546939272
0.36864,6.18171982821957
0.36873,6.181817523293387
0.36882000000000004,6.181917923801584
0.36891,6.182032082412472
0.36900000000000005,6.1821405197075485
0.36909000000000003,6.18222517506521
0.36918,6.182317114955936
0.36927000000000004,6.182404578247906
0.36936,6.182483989936617
0.36945,6.182573439472892
0.36954000000000004,6.182687024274324
0.36963,6.182800580629686
0.36972000000000005,6.182897832636389
0.36981,6.182973878537268
0.3699,6.183043836296779
0.36999000000000004,6.183149473142568
0.37008,6.183232309121619
0.37017,6.183304157045385
0.37026000000000003,6.183412075880296
0.37035,6.183504187103337
0.37044000000000005,6.183612720873294
0.37053,6.183749545951628
0.37062,6.183878974040843
0.37071000000000004,6.18397065250923
0.3708,6.184075837340586
0.37089,6.184196288146602
0.37098000000000003,6.1842935445355876
0.37107,6.1843671456303895
0.37116000000000005,6.1844929276403136
0.37125,6.184578709800643
0.37134,6.184618976604737
0.37143000000000004,6.184671967933909
0.37152,6.184708476687307
0.37161,6.184773014751823
0.37170000000000003,6.184864216098333
0.37179,6.184947468300681
0.37188000000000004,6.185016301244985
0.37197,6.185104082009513
0.37206,6.185180375504398
0.37215000000000004,6.185240404531867
0.37224,6.1853236437871635
0.37233000000000005,6.1854303732912825
0.37242000000000003,6.185522584482243
0.37251,6.1856139661875185
0.37260000000000004,6.185718687009454
0.37269,6.185796888163841
0.37278,6.185890898368839
0.37287000000000003,6.186011599532995
0.37296,6.186140881197861
0.37305000000000005,6.186266609832132
0.37314,6.186384804725418
0.37323,6.186470372265972
0.37332000000000004,6.186531033967707
0.37341,6.186604521481678
0.3735,6.186701930548704
0.37359000000000003,6.186800570071903
0.37368,6.186891158678493
0.37377000000000005,6.186975953226995
0.37386,6.187051828358591
0.37395,6.187122986777534
0.37404000000000004,6.187205474882229
0.37413,6.187297075755363
0.37422,6.187377347332612
0.37431000000000003,6.1874496353578055
0.3744,6.187526036554215
0.37449000000000005,6.187603781837746
0.37458,6.187678162462236
0.37467,6.187761028583966
0.37476000000000004,6.187835305604815
0.37485,6.187906945553431
0.37494000000000005,6.187982958858681
0.37503000000000003,6.188053639178346
0.37512,6.18814292490215
0.37521000000000004,6.188253246979585
0.3753,6.188362240557668
0.37539,6.188443893770781
0.37548000000000004,6.188498792922269
0.37557,6.188573632852107
0.37566000000000005,6.188653262551509
0.37575000000000003,6.188721927781874
0.37584,6.188840030638751
0.37593000000000004,6.1889442920398725
0.37602,6.189013676122703
0.37611,6.189086256732302
0.37620000000000003,6.189193391574667
0.37629,6.189303425140745
0.37638000000000005,6.18939864862573
0.37647,6.189496001160746
0.37656,6.189607726089276
0.37665000000000004,6.189696743243225
0.37674,6.189775983626272
0.37683,6.189862755084901
0.37692000000000003,6.189946571474466
0.37701,6.190009344537126
0.37710000000000005,6.190098131858025
0.37719,6.1901985850360575
0.37728,6.190281031684579
0.37737000000000004,6.1903549443987185
0.37746,6.190439844271327
0.37755,6.190550529581862
0.37764000000000003,6.190675920707548
0.37773,6.190795377166896
0.37782000000000004,6.190911393196102
0.37791,6.19102178580584
0.378,6.191122940129918
0.37809000000000004,6.191215814564263
0.37818,6.191309538530468
0.37827000000000005,6.191414385277966
0.37836000000000003,6.191484827530403
0.37845,6.191539969143012
0.37854000000000004,6.191642625629603
0.37863,6.1917174811983156
0.37872,6.191809625619798
0.37881000000000004,6.191890040951152
0.3789,6.191919278076503
0.37899000000000005,6.192009308578746
0.37908000000000003,6.1921087454940675
0.37917,6.192212636217433
0.37926000000000004,6.192335151587977
0.37935,6.192441876214198
0.37944,6.19254571939258
0.37953000000000003,6.192669395806688
0.37962,6.1927986580183525
0.37971000000000005,6.192905353640802
0.3798,6.193013830281396
0.37989,6.193119548780885
0.37998000000000004,6.193207583550219
0.38007,6.193279945030783
0.38016,6.193357360069706
0.38025000000000003,6.193434278195261
0.38034,6.1934982118694615
0.38043000000000005,6.193549809463228
0.38052,6.193607546029833
0.38061,6.193686735579981
0.38070000000000004,6.193757698273308
0.38079,6.193817521906941
0.38088,6.193905465324512
0.38097000000000003,6.194039115112822
0.38106,6.19417337886039
0.38115000000000004,6.194296332909758
0.38124,6.194412985254264
0.38133,6.194503250560323
0.38142000000000004,6.194592087413303
0.38151,6.194720096163725
0.38160000000000005,6.194851693585636
0.38169000000000003,6.194911448044953
0.38178,6.194965257381226
0.38187000000000004,6.195029908002396
0.38196,6.195096784533899
0.38205,6.195159953836741
0.38214000000000004,6.195210823503758
0.38223,6.195254563253226
0.38232000000000005,6.195303923112763
0.38241,6.195362227636912
0.3825,6.195425274460295
0.38259000000000004,6.195516210248001
0.38268,6.195605297741675
0.38277,6.195684186837377
0.38286000000000003,6.195784859416242
0.38295,6.195893370144661
0.38304000000000005,6.196003184894642
0.38313,6.196110965204466
0.38322,6.1962145948366185
0.38331000000000004,6.196314830582169
0.3834,6.196397529434588
0.38349,6.196459216746438
0.38358000000000003,6.196514829062424
0.38367,6.196581591003577
0.38376000000000005,6.196646701717448
0.38385,6.196701148276922
0.38394,6.1967531417935
0.38403000000000004,6.19681270630085
0.38412,6.196866686617332
0.38421000000000005,6.1969162422656785
0.38430000000000003,6.19696726248947
0.38439,6.19702578167933
0.38448000000000004,6.197094933124401
0.38457,6.197156358198682
0.38466,6.197193854404711
0.38475000000000004,6.197233934807052
0.38484,6.197323767925118
0.38493000000000005,6.197430658570049
0.38502000000000003,6.197539934914941
0.38511,6.197637829128108
0.38520000000000004,6.197723469912814
0.38529,6.197837837822746
0.38538,6.197946758912884
0.38547000000000003,6.1980458824469675
0.38556,6.198144511616909
0.38565000000000005,6.1982231567311326
0.38574,6.198316213027971
0.38583,6.19838719909153
0.38592000000000004,6.198428935222191
0.38601,6.198502697115587
0.3861,6.198598498239527
0.38619000000000003,6.198663658439805
0.38628,6.198699565389054
0.38637000000000005,6.198754550830554
0.38646,6.19883397885199
0.38655,6.198876301674177
0.38664000000000004,6.198886907937711
0.38673,6.198910134308887
0.38682,6.198950607627941
0.38691000000000003,6.1989862653060115
0.387,6.199029147869771
0.38709000000000005,6.19907902347913
0.38718,6.199133482485532
0.38727,6.199255576144241
0.38736000000000004,6.1993913750449305
0.38745,6.199520241285902
0.38754000000000005,6.199662336418186
0.38763000000000003,6.199789130101276
0.38772,6.199899572511579
0.38781000000000004,6.200021283727481
0.3879,6.2001500857311465
0.38799,6.200239188572809
0.38808000000000004,6.200303963663994
0.38817,6.200393521914348
0.38826000000000005,6.200485404606461
0.38835000000000003,6.200537630884787
0.38844,6.2006267327175015
0.38853000000000004,6.200663140199332
0.38862,6.200657856413436
0.38871,6.200688386088093
0.38880000000000003,6.200727456291288
0.38889,6.200774757057614
0.38898000000000005,6.200820380737177
0.38907,6.200853185548186
0.38916,6.200882714370028
0.38925000000000004,6.200933262369662
0.38934,6.200986928847619
0.38943,6.201051931803473
0.38952000000000003,6.201159100616972
0.38961,6.201287586478491
0.38970000000000005,6.201399417929038
0.38979,6.201512229454268
0.38988,6.201630777803931
0.38997000000000004,6.201704259843554
0.39006,6.201795278433482
0.39015000000000005,6.201875300127218
0.39024000000000003,6.201941204356784
0.39033,6.202050950636621
0.39042000000000004,6.202141831501856
0.39051,6.202214216066091
0.3906,6.202280522686474
0.39069000000000004,6.202344941457201
0.39078,6.202427790069168
0.39087000000000005,6.202507825267674
0.39096000000000003,6.202561818065586
0.39105,6.202597226111966
0.39114000000000004,6.202642968515503
0.39123,6.20268526756842
0.39132,6.202697354313778
0.39141000000000004,6.202691474592632
0.3915,6.202694763531335
0.39159000000000005,6.202674520453651
0.39168000000000003,6.202683567185639
0.39177,6.202726744276349
0.39186000000000004,6.202773088660103
0.39195,6.2028398929321025
0.39204,6.202879025081671
0.39213000000000003,6.2029268245231375
0.39222,6.203023426365177
0.39231000000000005,6.2031317353382915
0.3924,6.203243090306395
0.39249,6.203344858409512
0.39258000000000004,6.203434433670264
0.39267,6.203524351485795
0.39276,6.2036215994169766
0.39285000000000003,6.20371213554637
0.39294,6.203780887619276
0.39303000000000005,6.2038272380094845
0.39312,6.203870179730811
0.39321,6.203934271484475
0.39330000000000004,6.2039673247226155
0.39339,6.203949755439606
0.39348000000000005,6.203947180574639
0.39357000000000003,6.2039715271749145
0.39366,6.203975593375193
0.39375000000000004,6.203960682798197
0.39384,6.203959504071213
0.39393,6.203940645305558
0.39402000000000004,6.203934473220197
0.39411,6.203957420159076
0.39420000000000005,6.203995103494992
0.39429000000000003,6.204029971339582
0.39438,6.204055519184055
0.39447000000000004,6.204086956239315
0.39456,6.204135517408485
0.39465,6.204200804313606
0.39474000000000004,6.2042883912844635
0.39483,6.204349164667648
0.39492000000000005,6.204390715553861
0.39501000000000003,6.204451190452529
0.3951,6.204503730139097
0.39519000000000004,6.204590232808341
0.39528,6.204691308966005
0.39537,6.204752417080669
0.39546000000000003,6.2047800857347175
0.39555,6.204856245823513
0.39564000000000005,6.204925564372711
0.39573,6.204962184944376
0.39582,6.204999444132463
0.39591000000000004,6.204958094205866
0.396,6.204959234795997
0.39609,6.204986623038851
0.39618000000000003,6.2049595626696386
0.39627,6.20497348481002
0.39636000000000005,6.2049480241406805
0.39645,6.204919613895465
0.39654,6.204953687602229
0.39663000000000004,6.205010085157603
0.39672,6.205060874496754
0.39681000000000005,6.205086702478027
0.39690000000000003,6.205110418801016
0.39699,6.205172489714328
0.39708000000000004,6.205259189334264
0.39717,6.205352727227839
0.39726,6.2054367780277495
0.39735000000000004,6.205507965706135
0.39744,6.205579790879668
0.39753000000000005,6.20564984653159
0.39762000000000003,6.20573843262712
0.39771,6.205820121795929
0.39780000000000004,6.205833618863517
0.39789,6.205835704489283
0.39798,6.205864335278229
0.39807000000000003,6.205909972103242
0.39816,6.205948131374001
0.39825000000000005,6.205976169357999
0.39834,6.20596742847752
0.39843,6.205970658557989
0.39852000000000004,6.206016273648205
0.39861,6.206042442182851
0.3987,6.206094993746009
0.39879000000000003,6.206134100564516
0.39888,6.2061483757310905
0.39897000000000005,6.206201835750421
0.39906,6.206272902023528
0.39915,6.206327626923352
0.39924000000000004,6.206377737113309
0.39933,6.20644923804396
0.39942000000000005,6.206523208731609
0.39951000000000003,6.206601251717233
0.3996,6.20666889497983
0.39969000000000005,6.206728621087896
0.39978,6.206808490354824
0.39987,6.206867606955861
0.39996000000000004,6.20691488155553
0.40005,6.206987806812114
0.40014000000000005,6.207074527304438
0.40023000000000003,6.207083612256531
0.40032,6.207077487847497
0.40041000000000004,6.207091063382344
0.4005,6.207120617268338
0.40059,6.207200181248734
0.40068000000000004,6.207250462608087
0.40077,6.207284527265629
0.40086000000000005,6.20733487595384
0.40095000000000003,6.207378313515841
0.40104,6.207460246207219
0.40113000000000004,6.207564938577619
0.40122,6.207648641971399
0.40131,6.207699830468655
0.40140000000000003,6.207759603024888
0.40149,6.207858605308234
0.40158000000000005,6.207968329840472
0.40167,6.208044977486075
0.40176,6.208092561159393
0.40185000000000004,6.208131587582123
0.40194,6.2081777448914215
0.40203,6.208222830558948
0.40212000000000003,6.208247212319831
0.40221,6.208266734114851
0.40230000000000005,6.208292172464731
0.40239,6.208319574827165
0.40248,6.208343972118456
0.40257000000000004,6.208376665768288
0.40266,6.20842540611089
0.40275000000000005,6.20849109234008
0.40284000000000003,6.208566179067038
0.40293,6.208640629734152
0.40302000000000004,6.208721156873134
0.40311,6.208806519591674
0.4032,6.208877161385016
0.40329000000000004,6.208927649351623
0.40338,6.209010071430002
0.40347000000000005,6.209083622857244
0.40356000000000003,6.209138611525106
0.40365,6.2091931449617555
0.40374000000000004,6.209214517091678
0.40383,6.209258604528137
0.40392,6.209315023518863
0.40401000000000004,6.209355629055275
0.4041,6.209406833170359
0.40419000000000005,6.209454917573219
0.40428000000000003,6.209484332573075
0.40437,6.209520520921865
0.40446000000000004,6.209591399201507
0.40455,6.2096462381472675
0.40464,6.209705686167349
0.40473000000000003,6.2097612740326795
0.40482,6.209790009946426
0.40491000000000005,6.209826795180451
0.405,6.209876645639854
0.40509,6.209898184594008
0.40518000000000004,6.209900083639951
0.40527,6.209942399536654
0.40536,6.209956866077986
0.40545000000000003,6.209972226515478
0.40554,6.210011724145286
0.40563000000000005,6.210047898421052
0.40572,6.210087860211333
0.40581,6.210152733433763
0.40590000000000004,6.210235381660174
0.40599,6.210308589337268
0.40608000000000005,6.210362104875758
0.40617000000000003,6.210420708254576
0.40626,6.210478092731255
0.40635000000000004,6.210527314033461
0.40644,6.210581369178382
0.40653,6.2106305554143635
0.40662000000000004,6.21066696468876
0.40671,6.2106867317852785
0.40680000000000005,6.210706448753361
0.40689000000000003,6.2107608333248665
0.40698,6.2107859454210335
0.40707000000000004,6.2107912598809065
0.40716,6.210808053786613
0.40725,6.210806349872165
0.40734000000000004,6.210828782445287
0.40743,6.210843141535667
0.40752000000000005,6.210824557007728
0.40761000000000003,6.210811914913844
0.4077,6.21082770144278
0.40779000000000004,6.210855872470266
0.40788,6.210904182098539
0.40797,6.210975398979251
0.40806000000000003,6.211016756190324
0.40815,6.211056381746681
0.40824000000000005,6.211101030061456
0.40833,6.211146096903409
0.40842,6.211203331162073
0.40851000000000004,6.2112462642391755
0.4086,6.211278877209527
0.40869000000000005,6.2113120312256465
0.40878000000000003,6.21134571678053
0.40887,6.211384347947056
0.40896000000000005,6.211417169975249
0.40905,6.211445113949786
0.40914,6.211478499285934
0.40923000000000004,6.211511949563933
0.40932,6.211518683657952
0.40941000000000005,6.211530043563005
0.40950000000000003,6.211552317477953
0.40959,6.211539098134227
0.40968000000000004,6.21153853561334
0.40977,6.211547986833108
0.40986,6.211557875747874
0.40995000000000004,6.211570632593623
0.41004,6.211567893296609
0.41013000000000005,6.211584888120457
0.41022000000000003,6.211616713808785
0.41031,6.211654562431603
0.41040000000000004,6.211729294335974
0.41049,6.211767116294384
0.41058,6.211774991699392
0.41067000000000004,6.21179977644631
0.41076,6.21184476552285
0.41085000000000005,6.211876608617278
0.41094,6.211895667623614
0.41103,6.211907524551307
0.41112000000000004,6.2119135097665374
0.41121,6.211927093040616
0.4113,6.211949074975061
0.41139000000000003,6.211970905145375
0.41148,6.211984255019946
0.41157000000000005,6.211991011918673
0.41166,6.21200804448744
0.41175,6.21204163060159
0.41184000000000004,6.21206508884272
0.41193,6.212056986611433
0.41202000000000005,6.21207295613371
0.41211000000000003,6.212095876384249
0.4122,6.212118576451917
0.41229000000000005,6.2121494671554025
0.41238,6.212162917791588
0.41247,6.212178125720371
0.41256000000000004,6.212195254200371
0.41265,6.212207272970452
0.41274000000000005,6.212227255379489
0.41283000000000003,6.212260212379265
0.41292,6.212283769092236
0.41301000000000004,6.212288033390911
0.4131,6.212296029194762
0.41319,6.212332521855502
0.41328000000000004,6.212357545123783
0.41337,6.21235637436858
0.41346000000000005,6.2123528478576056
0.41355000000000003,6.212361298937795
0.41364,6.212371580258967
0.41373000000000004,6.21237976475982
0.41382,6.212391311402213
0.41391,6.212401839926414
0.41400000000000003,6.212383479938856
0.41409,6.212395070047252
0.41418000000000005,6.212435003582441
0.41427,6.212448341568889
0.41436,6.212476175376954
0.41445000000000004,6.212488980550242
0.41454,6.21250158885306
0.41463,6.212539827261012
0.41472000000000003,6.212568261905773
0.41481,6.2125964701247485
0.41490000000000005,6.212614429070794
0.41499,6.212613229359523
0.41508,6.212616188026264
0.41517000000000004,6.212655646501673
0.41526,6.2126826546677725
0.41535000000000005,6.212689531266246
0.41544000000000003,6.212704246503207
0.41553,6.2126962064338045
0.41562000000000004,6.212706051547236
0.41571,6.212719030601795
0.4158,6.212694898631629
0.41589000000000004,6.2126514669435435
0.41598,6.212633547693942
0.41607000000000005,6.212626736113362
0.41616000000000003,6.212616749176335
0.41625,6.212619629729731
0.41634000000000004,6.212627290493106
0.41643,6.212633247205911
0.41652,6.212647862542658
0.41661000000000004,6.212679435727265
0.4167,6.212711201731824
0.41679000000000005,6.21273767550414
0.41688000000000003,6.212743664824109
0.41697,6.2127404413112
0.41706000000000004,6.212764962315036
0.41715,6.212781294529709
0.41724,6.2128045157850575
0.41733000000000003,6.212839225085937
0.41742,6.212860864109018
0.41751000000000005,6.212885615930179
0.4176,6.2129216423877445
0.41769,6.212949747007469
0.41778000000000004,6.212965266523621
0.41787,6.212995499563364
0.41796000000000005,6.212976165064559
0.41805000000000003,6.2129489789603465
0.41814,6.21294553580552
0.41823000000000005,6.2129059724229725
0.41832,6.212855848319203
0.41841,6.212818748112015
0.41850000000000004,6.212792294891442
0.41859,6.212771685662025
0.41868000000000005,6.212773596425088
0.41877000000000003,6.212766405333726
0.41886,6.212768858378042
0.41895000000000004,6.212797652125032
0.41904,6.212811261501057
0.41913,6.21286637433906
0.41922000000000004,6.212922203930086
0.41931,6.212942563949323
0.41940000000000005,6.212975739297827
0.41949000000000003,6.2130401083834235
0.41958,6.21310047834285
0.41967000000000004,6.2131470701740845
0.41976,6.213190653875603
0.41985,6.213206930422629
0.41994000000000004,6.213216439568919
0.42003,6.213234683557367
0.42012000000000005,6.213262614028983
0.42021000000000003,6.213293173023669
0.4203,6.213293635803779
0.42039000000000004,6.2132497102495075
0.42048,6.213203460591966
0.42057,6.213203242277146
0.42066000000000003,6.2131978773329095
0.42075,6.213198095979581
0.42084000000000005,6.213207348627896
0.42093,6.213212787168219
0.42102,6.213230975106706
0.42111000000000004,6.213266062971636
0.4212,6.213299023851952
0.42129000000000005,6.213317037410228
0.42138000000000003,6.213332552114444
0.42147,6.213355977503457
0.42156000000000005,6.2133991424199495
0.42165,6.213450375416174
0.42174,6.213487234480506
0.42183000000000004,6.213521723268871
0.42192,6.213556743383712
0.42201000000000005,6.213601055030115
0.42210000000000003,6.2136475417674895
0.42219,6.213663893915831
0.42228000000000004,6.2136870086967475
0.42237,6.213714577887868
0.42246,6.21372761858216
0.42255000000000004,6.213738405916735
0.42264,6.2137676899272885
0.42273000000000005,6.213768849841991
0.42282000000000003,6.213764894688056
0.42291,6.213808139842756
0.42300000000000004,6.213816582204764
0.42309,6.213810643089528
0.42318,6.213816978725371
0.42327000000000004,6.213821712267852
0.42336,6.213810010339009
0.42345000000000005,6.213839871499662
0.42354,6.213874586015591
0.42363,6.213891713891951
0.42372000000000004,6.213936047030862
0.42381,6.213977317746411
0.4239,6.2140028726170495
0.42399000000000003,6.214044568029458
0.42408,6.214115065942148
0.42417000000000005,6.214149155663592
0.42426,6.214167460441878
0.42435,6.2141819111585646
0.42444000000000004,6.214202262373143
0.42453,6.214249693123056
0.42462000000000005,6.214265709535317
0.42471000000000003,6.214271692409602
0.4248,6.214290621931275
0.42489000000000005,6.214299943024573
0.42498,6.2143097888945675
0.42507,6.214345872380139
0.42516000000000004,6.214369737618808
0.42525,6.2143475507047725
0.42534000000000005,6.214349624450874
0.42543000000000003,6.214381536782468
0.42552,6.214400391767044
0.42561000000000004,6.214389814330008
0.4257,6.214384674987855
0.42579,6.214388940072674
0.42588000000000004,6.214414305232036
0.42597,6.214440102048292
0.42606000000000005,6.214442064183872
0.42615000000000003,6.214468497783275
0.42624,6.2144787203746
0.42633000000000004,6.2144853691626905
0.42642,6.214522462428308
0.42651,6.214545546808969
0.42660000000000003,6.214550186235636
0.42669,6.214561231694053
0.42678000000000005,6.21457119893804
0.42687,6.214556124344861
0.42696,6.214586039783927
0.42705000000000004,6.214597560772896
0.42714,6.214583119719366
0.42723000000000005,6.214611377730472
0.42732000000000003,6.214648964120216
0.42741,6.214664842986003
0.42750000000000005,6.214695876876146
0.42759,6.214749807280727
0.42768,6.21475316552627
0.42777000000000004,6.214772622250242
0.42786,6.21478430182232
0.42795000000000005,6.214778513429493
0.42804000000000003,6.214809927815746
0.42813,6.214832214376596
0.42822000000000005,6.214837790300598
0.42831,6.214848142707541
0.4284,6.214871051594548
0.42849000000000004,6.214884431450321
0.42858,6.214896183917221
0.42867000000000005,6.214904667795627
0.42876000000000003,6.214913962215412
0.42885,6.214937717227096
0.42894000000000004,6.214932126309252
0.42903,6.214935360136588
0.42912,6.214956984076479
0.42921000000000004,6.214955101399876
0.4293,6.214972564323505
0.42939000000000005,6.215003651205367
0.42948000000000003,6.215032327866826
0.42957,6.215056186468763
0.42966000000000004,6.215078644925107
0.42975,6.215114785985333
0.42984,6.215160108662084
0.42993000000000003,6.215208212676682
0.43002,6.215257703889312
0.43011000000000005,6.215274450499318
0.4302,6.215283868628408
0.43029,6.2152997034038355
0.43038000000000004,6.215305754057384
0.43047,6.215317145488409
0.43056000000000005,6.215314305658851
0.43065000000000003,6.215306458777685
0.43074,6.215321146585101
0.43083000000000005,6.215355704994717
0.43092,6.215397119826381
0.43101,6.215429806601357
0.43110000000000004,6.215448599281844
0.43119,6.215461320978562
0.43128000000000005,6.215472893659354
0.43137000000000003,6.215488384645633
0.43146,6.215509573123528
0.43155000000000004,6.215533881754862
0.43164,6.215558113125818
0.43173,6.215583400026615
0.43182000000000004,6.215602847914565
0.43191,6.215617295043322
0.43200000000000005,6.215642325763693
0.43209000000000003,6.21566372036472
0.43218,6.215691744533424
0.43227000000000004,6.215749849426238
0.43236,6.2158220710566034
0.43245,6.215828291454136
0.43254000000000004,6.215850444834332
0.43263,6.215900332822825
0.43272000000000005,6.215932542855072
0.43281000000000003,6.216011322832655
0.4329,6.216044861658585
0.43299000000000004,6.216043644158646
0.43308,6.216069889814695
0.43317000000000005,6.216101060550459
0.43326000000000003,6.216112147526702
0.43335,6.216127355431609
0.43344000000000005,6.2161468658627195
0.43353,6.216143569729623
0.43362,6.216150912804193
0.43371000000000004,6.216153418034255
0.4338,6.2161579996492335
0.43389000000000005,6.216173291409065
0.43398000000000003,6.216161067639801
0.43407,6.2161695740213005
0.43416000000000005,6.21622249590926
0.43425,6.216291534941808
0.43434,6.216339849071597
0.43443000000000004,6.216385166572774
0.43452,6.216431683540433
0.43461000000000005,6.216489793421519
0.43470000000000003,6.216559367409049
0.43479,6.216593084537567
0.43488000000000004,6.21665008627591
0.43497,6.216715834949024
0.43506,6.216733813699472
0.43515000000000004,6.2167367138222716
0.43524,6.216770643234989
0.43533000000000005,6.216781232487353
0.43542000000000003,6.216751264392447
0.43551,6.216760070824366
0.43560000000000004,6.216796678366148
0.43569,6.216816534312012
0.43578,6.216810741709646
0.43587000000000004,6.216812612040144
0.43596,6.216842648660188
0.43605000000000005,6.216855417056232
0.43614,6.21687576800377
0.43623,6.216925233822027
0.43632000000000004,6.21694140533761
0.43641,6.216961443710824
0.43650000000000005,6.216984122246188
0.43659000000000003,6.217012637962555
0.43668,6.217080259801883
0.43677000000000005,6.217165561266236
0.43686,6.217207091189731
0.43695,6.217232937216852
0.43704000000000004,6.217297023709745
0.43713,6.2173405344096295
0.43722000000000005,6.217389320427149
0.43731000000000003,6.217439045677435
0.4374,6.21745930246616
0.43749000000000005,6.217455291489098
0.43758,6.217468928423083
0.43767,6.217489508228964
0.43776000000000004,6.217504939978798
0.43785,6.217517160573713
0.43794000000000005,6.217492375239335
0.43803000000000003,6.217463988003171
0.43812,6.217467156090742
0.43821000000000004,6.2174945651546105
0.4383,6.217514142082344
0.43839,6.217540719300939
0.43848000000000004,6.217546639143934
0.43857,6.217543650204908
0.43866000000000005,6.217602249545901
0.43875000000000003,6.217659213644262
0.43884,6.217689882995565
0.43893000000000004,6.217720956876184
0.43902,6.217773319325206
0.43911,6.217816641079173
0.43920000000000003,6.217860469460777
0.43929,6.217898542312303
0.43938000000000005,6.217912244574399
0.43947,6.217912725147104
0.43956,6.2179344590569805
0.43965000000000004,6.217966065426568
0.43974,6.217979976979228
0.43983000000000005,6.217974328289198
0.43992000000000003,6.217966828625164
0.44001,6.2179658916344005
0.44010000000000005,6.217987060012073
0.44019,6.218033092917415
0.44028,6.218063043009001
0.44037000000000004,6.21808180708003
0.44046,6.218100066638926
0.44055000000000005,6.218117776523417
0.44064000000000003,6.218136797566669
0.44073,6.218174083567273
0.44082000000000005,6.218190231813919
0.44091,6.2181812963971845
0.441,6.218194294517408
0.44109000000000004,6.218199966100978
0.44118,6.218199243890214
0.44127000000000005,6.218203953913982
0.44136000000000003,6.218211150884551
0.44145,6.218212533527818
0.44154000000000004,6.218244355059145
0.44163,6.218281229832497
0.44172,6.218308553909727
0.44181000000000004,6.218367143965633
0.4419,6.218392854119868
0.44199000000000005,6.21843571829386
0.44208000000000003,6.218509293614147
0.44217,6.218546405136583
0.44226000000000004,6.2185736686814375
0.44235,6.2186168779566255
0.44244000000000006,6.218664231906067
0.44253000000000003,6.218692423056897
0.44262,6.218708383963866
0.44271000000000005,6.2187290629239
0.4428,6.218733501424724
0.44289,6.218723158243689
0.44298000000000004,6.21873862054929
0.44307,6.218747615913796
0.44316000000000005,6.218766322459649
0.44325000000000003,6.218793063673918
0.44334,6.218803906531669
0.44343000000000005,6.218828269120327
0.44352,6.218850307675187
0.44361,6.218886391471912
0.44370000000000004,6.218945681563535
0.44379,6.2189766519787515
0.44388000000000005,6.219000913263584
0.44397000000000003,6.219049494615627
0.44406,6.219107588348885
0.44415000000000004,6.21914189981293
0.44424,6.219198958883654
0.44433,6.219261983391674
0.44442000000000004,6.219318220708974
0.44451,6.219370543492515
0.44460000000000005,6.21939247282923
0.44469000000000003,6.219431626210962
0.44478,6.219481985615059
0.44487000000000004,6.219515916765294
0.44496,6.219556834168296
0.44505,6.219607499507544
0.44514000000000004,6.219658891656843
0.44523,6.219698761235825
0.44532000000000005,6.219723466120475
0.44541000000000003,6.219749863754996
0.4455,6.21978175742361
0.44559000000000004,6.219810835591954
0.44568,6.219832548376995
0.44577000000000006,6.2198540058452645
0.44586000000000003,6.2198630517052145
0.44595,6.219887168323936
0.44604000000000005,6.219945338110199
0.44613,6.220004649239345
0.44622,6.220055311987163
0.44631000000000004,6.220119852329278
0.4464,6.22019815958087
0.44649000000000005,6.220264811328953
0.44658000000000003,6.220328182867506
0.44667,6.220389764392783
0.44676000000000005,6.220451459948992
0.44685,6.220517139111569
0.44694,6.220584462680309
0.44703000000000004,6.220641898988163
0.44712,6.2206743461366445
0.44721000000000005,6.220687070427747
0.44730000000000003,6.220701705377325
0.44739,6.220709050888372
0.44748000000000004,6.220744767983327
0.44757,6.220784574499911
0.44766,6.220778695784268
0.44775000000000004,6.220800425199266
0.44784,6.220849877137519
0.44793000000000005,6.220883055690166
0.44802000000000003,6.220912848747539
0.44811,6.221010258204212
0.44820000000000004,6.2210572034576375
0.44829,6.221081364923382
0.44838,6.22115102143707
0.44847000000000004,6.221236352932738
0.44856,6.221299136228506
0.44865000000000005,6.2213285659016195
0.44874,6.22135948907176
0.44883,6.221417444897547
0.44892000000000004,6.221454007431646
0.44901,6.221478112030152
0.44910000000000005,6.221506950971898
0.44919000000000003,6.221532354153065
0.44928,6.221534349364933
0.44937000000000005,6.2215391136298575
0.44946,6.221585775613839
0.44955,6.221627899691142
0.44964000000000004,6.221596126878608
0.44973,6.221603698276728
0.44982000000000005,6.221630107349756
0.44991000000000003,6.221658969386377
0.45,6.221700717186681
0.45009000000000005,6.221714124251132
0.45018,6.221739702515112
0.45027,6.221781327259169
0.45036000000000004,6.221818035279643
0.45045,6.221850336737417
0.45054000000000005,6.221870709167533
0.45063000000000003,6.2219118889952
0.45072,6.221956422887317
0.45081000000000004,6.221966992565885
0.4509,6.222021958662958
0.45099,6.222060099759291
0.45108000000000004,6.222081436880515
0.45117,6.2221275334999415
0.45126000000000005,6.222150400510896
0.45135000000000003,6.222163855828308
0.45144,6.2221708498891575
0.45153000000000004,6.22217693423539
0.45162,6.2221892550866045
0.45171000000000006,6.222151257833282
0.45180000000000003,6.222150281955838
0.45189,6.222179964150372
0.45198000000000005,6.222153142483075
0.45207,6.222154862850718
0.45216,6.222132197436423
0.45225000000000004,6.22214068961235
0.45234,6.222218718287752
0.45243000000000005,6.222222361197986
0.45252000000000003,6.222224174471816
0.45261,6.222243781620915
0.45270000000000005,6.222266354691342
0.45279,6.222308740082197
0.45288,6.222363936908943
0.45297000000000004,6.2224013525738435
0.45306,6.222425796434397
0.45315000000000005,6.222460701530785
0.45324000000000003,6.222488488044773
0.45333,6.222519806434996
0.45342000000000005,6.222546400589735
0.45351,6.222555618803862
0.4536,6.222561022201263
0.45369000000000004,6.222572446733575
0.45378,6.222568085573954
0.45387000000000005,6.222559787977695
0.45396000000000003,6.2225776354383315
0.45405,6.222562144721981
0.45414000000000004,6.222540723250764
0.45423,6.222545774606503
0.45432,6.222564694899676
0.45441000000000004,6.222566999067482
0.4545,6.222554746108545
0.45459000000000005,6.222559035780963
0.45468000000000003,6.222588844130133
0.45477,6.222612359049435
0.45486000000000004,6.222628029263735
0.45495,6.222640562608067
0.45504000000000006,6.222656041466327
0.45513000000000003,6.222674209174793
0.45522,6.222685117214945
0.45531000000000005,6.222732533301443
0.4554,6.222792684995184
0.45549,6.222821943922635
0.45558000000000004,6.2228619191737895
0.45567,6.22291710205534
0.45576000000000005,6.22297194296638
0.45585000000000003,6.22300835742356
0.45594,6.223023149010194
0.45603000000000005,6.2230445672349735
0.45612,6.223066868378483
0.45621,6.223070258174591
0.45630000000000004,6.223065238116385
0.45639,6.223094562242917
0.45648000000000005,6.22308178901659
0.45657000000000003,6.223061324771595
0.45666,6.223100157587559
0.45675000000000004,6.223135891391405
0.45684,6.223151083203644
0.45693,6.22314800236793
0.45702000000000004,6.223137306054344
0.45711,6.223143544981631
0.45720000000000005,6.2231947339903435
0.45729000000000003,6.223209202217518
0.45738,6.2231938827373225
0.45747000000000004,6.223219176693311
0.45756,6.223238845308187
0.45765,6.223284024398087
0.45774000000000004,6.223347798021464
0.45783,6.223393365756265
0.45792000000000005,6.2234186946378145
0.45801000000000003,6.223442497346805
0.4581,6.223466701733118
0.45819000000000004,6.223497254723261
0.45828,6.223539468486483
0.45837000000000006,6.223558879874882
0.45846000000000003,6.223565282409109
0.45855,6.223585521660918
0.45864000000000005,6.22362485194485
0.45873,6.223663506489951
0.45882,6.223721496345509
0.45891000000000004,6.223748805883129
0.459,6.223729989074865
0.45909000000000005,6.223743403639143
0.45918000000000003,6.223759110652385
0.45927,6.223754770479222
0.45936000000000005,6.223749498388519
0.45945,6.223758313628496
0.45954,6.2237376168804
0.45963000000000004,6.223731994811083
0.45972,6.223755064394837
0.45981000000000005,6.223773799720995
0.45990000000000003,6.223779105964124
0.45999,6.223797577443346
0.46008000000000004,6.223826570675693
0.46017,6.223857095528298
0.46026,6.223895491438625
0.46035000000000004,6.22392904048641
0.46044,6.223971177402569
0.46053000000000005,6.224013903767642
0.46062000000000003,6.224035031105161
0.46071,6.224053762999918
0.46080000000000004,6.224062077812412
0.46089,6.2240731978509025
0.46098000000000006,6.224108158899996
0.46107000000000004,6.224159308600763
0.46116,6.224213570554337
0.46125000000000005,6.2242348533531375
0.46134000000000003,6.22423535608761
0.46143,6.22426556278905
0.46152000000000004,6.224284473618922
0.46161,6.224321105312395
0.46170000000000005,6.2243471152848056
0.46179000000000003,6.2243194285679175
0.46188,6.224321284870514
0.46197000000000005,6.224323751250294
0.46206,6.224335355646671
0.46215,6.224360081051758
0.46224000000000004,6.224343141340959
0.46233,6.22433548411125
0.46242000000000005,6.2243274698838285
0.46251000000000003,6.224318624249945
0.4626,6.224337838307456
0.46269000000000005,6.224337142205145
0.46278,6.224329629800902
0.46287,6.224351361899533
0.46296000000000004,6.224402768532025
0.46305,6.2244395072389676
0.46314000000000005,6.224470301594956
0.46323000000000003,6.224529365753618
0.46332,6.224607509790874
0.46341000000000004,6.224653275940908
0.4635,6.224699674811931
0.46359,6.224758669512334
0.46368000000000004,6.22480395184364
0.46377,6.22481834801853
0.46386000000000005,6.224844763995889
0.46395000000000003,6.224878809270748
0.46404,6.2248993780933555
0.46413000000000004,6.2249007149350355
0.46422,6.224896020334462
0.46431000000000006,6.22488881546809
0.46440000000000003,6.22487488816543
0.46449,6.224870480354701
0.46458000000000005,6.224895440863696
0.46467,6.224895691345811
0.46476,6.22486338048613
0.46485000000000004,6.2248526608479775
0.46494,6.22490001466334
0.46503000000000005,6.224938226630073
0.46512000000000003,6.22494827123394
0.46521,6.224967548146638
0.46530000000000005,6.225009121851027
0.46539,6.225025990050653
0.46548,6.2250542615424775
0.46557000000000004,6.225105584142241
0.46566,6.225158143609092
0.46575000000000005,6.225192848540705
0.46584000000000003,6.225224761514456
0.46593,6.225291011392176
0.46602000000000005,6.225368496982939
0.46611,6.225407733177903
0.4662,6.225433315105017
0.46629000000000004,6.225473155871378
0.46638,6.2255220129136175
0.46647000000000005,6.2255659435848605
0.46656000000000003,6.225605974358525
0.46665,6.225626449688249
0.46674000000000004,6.225626347661338
0.46683,6.22563012034691
0.46692,6.225650984769596
0.46701000000000004,6.2256429953552095
0.4671,6.225641776702092
0.46719000000000005,6.225641028678784
0.46728000000000003,6.225615496741537
0.46737,6.225617143215385
0.46746000000000004,6.225636371901621
0.46755,6.22565550823818
0.46764000000000006,6.225666838659432
0.46773000000000003,6.225674692575033
0.46782,6.225707465679957
0.46791000000000005,6.225748482245966
0.468,6.2257883530422315
0.46809,6.2258446085522205
0.46818000000000004,6.225912578929515
0.46827,6.225958884984659
0.46836000000000005,6.225989318611405
0.46845000000000003,6.226042527845898
0.46854,6.226125305830686
0.46863000000000005,6.22617021761471
0.46872,6.226211716701535
0.46881,6.226270037340565
0.46890000000000004,6.226291927491637
0.46899,6.22633386186585
0.46908000000000005,6.226359137700342
0.46917000000000003,6.2263624131087
0.46926,6.226381825606657
0.46935000000000004,6.226381423091883
0.46944,6.226385802367347
0.46953,6.226371576537623
0.46962000000000004,6.226336065402143
0.46971,6.226357962651846
0.46980000000000005,6.226375454683494
0.46989000000000003,6.2263840593747135
0.46998,6.226394292866299
0.47007000000000004,6.226393568156184
0.47016,6.226422312357665
0.47025000000000006,6.2264530415252075
0.47034000000000004,6.226475203209125
0.47043,6.226511102385584
0.47052000000000005,6.226556796063861
0.47061000000000003,6.226608788119087
0.4707,6.226655441382742
0.47079000000000004,6.226701113549206
0.47088,6.226770144196695
0.47097000000000006,6.226839011166936
0.47106000000000003,6.226879744570449
0.47115,6.226896209619337
0.47124000000000005,6.226915737417882
0.47133,6.226943789052538
0.47142,6.226983311819949
0.47151000000000004,6.2270146604008065
0.4716,6.227022254218474
0.47169000000000005,6.227028356608992
0.47178000000000003,6.227028204730631
0.47187,6.227036815690701
0.47196000000000005,6.227056916514318
0.47205,6.22705695545315
0.47214,6.227040147516598
0.47223000000000004,6.227055374242391
0.47232,6.227095887355323
0.47241000000000005,6.227118779491214
0.47250000000000003,6.2271597097132405
0.47259,6.22715273437665
0.47268000000000004,6.227143454368959
0.47277,6.227200219662307
0.47286,6.227240131182317
0.47295000000000004,6.227264274717642
0.47304,6.2272705052264214
0.47313000000000005,6.227274861824264
0.47322000000000003,6.227313431824887
0.47331,6.22735079756949
0.47340000000000004,6.227397254152022
0.47349,6.227445275881633
0.47358000000000006,6.227473032495156
0.47367000000000004,6.227512870292738
0.47376,6.227547013235798
0.47385000000000005,6.227574460487176
0.47394000000000003,6.227602357305597
0.47403,6.227617564861833
0.47412000000000004,6.227641351486924
0.47421,6.227674418843526
0.47430000000000005,6.22769874958603
0.47439000000000003,6.227705710005846
0.47448,6.227713203992932
0.47457000000000005,6.227704880563678
0.47466,6.2276963600293405
0.47475,6.227719869617863
0.47484000000000004,6.227750961918754
0.47493,6.227761239616418
0.47502000000000005,6.2277574893659535
0.47511000000000003,6.227763631447303
0.4752,6.227786489162618
0.47529000000000005,6.227810837651242
0.47538,6.227836724566385
0.47547,6.227859522058626
0.47556000000000004,6.227872371431144
0.47565,6.22790305564379
0.47574000000000005,6.227963759331854
0.47583000000000003,6.228010534670137
0.47592,6.228014507095636
0.47601000000000004,6.228035048183811
0.4761,6.228065661914222
0.47619000000000006,6.228091952786993
0.47628000000000004,6.228112795229925
0.47637,6.228129775279383
0.47646000000000005,6.228136201688107
0.47655000000000003,6.228144076307119
0.47664,6.228155123961447
0.47673000000000004,6.22816867775757
0.47682,6.228209417558632
0.47691000000000006,6.228208914362541
0.47700000000000004,6.228196301379016
0.47709,6.228221754652961
0.47718000000000005,6.228220428899037
0.47727,6.228241696375021
0.47736,6.22827795400311
0.47745000000000004,6.228296032513439
0.47754,6.228305245077293
0.47763000000000005,6.228327600601447
0.47772000000000003,6.228364947082038
0.47781,6.228402325134441
0.47790000000000005,6.228422294351335
0.47799,6.228423859886035
0.47808,6.228441564777042
0.47817000000000004,6.228479383932985
0.47826,6.2285092063161125
0.47835000000000005,6.2285117992703345
0.47844000000000003,6.228508162828037
0.47853,6.228532836835112
0.47862000000000005,6.228572188378197
0.47871,6.22857545320314
0.4788,6.2285577652723525
0.47889000000000004,6.228553230332036
0.47898,6.228562849159614
0.47907000000000005,6.228576041508579
0.47916000000000003,6.2286136712551485
0.47925,6.228648309590699
0.47934000000000004,6.22868057077688
0.47943,6.228710238089269
0.47952000000000006,6.228715993333973
0.47961000000000004,6.228753180195084
0.4797,6.2288042049334535
0.47979000000000005,6.228840820819161
0.47988000000000003,6.228869650802306
0.47997,6.228889960784795
0.48006000000000004,6.228941222477271
0.48015,6.228994367432443
0.48024000000000006,6.22900431437087
0.48033000000000003,6.229015452703597
0.48042,6.229018164746796
0.48051000000000005,6.229030059791372
0.4806,6.229057970963338
0.48069,6.229068475755849
0.48078000000000004,6.229072392516555
0.48087,6.22906745135317
0.48096000000000005,6.229059645528021
0.48105000000000003,6.229070074670717
0.48114,6.229099806876753
0.48123000000000005,6.229106812236364
0.48132,6.229112552822246
0.48141,6.229146914946018
0.48150000000000004,6.229167509242355
0.48159,6.229200067489618
0.48168000000000005,6.229222441265329
0.48177000000000003,6.229237621016562
0.48186,6.229288823940796
0.48195000000000005,6.229308125276368
0.48204,6.2293311669106854
0.48213,6.229380600982543
0.48222000000000004,6.229421317531179
0.48231,6.229444107008253
0.48240000000000005,6.229468585093931
0.48249000000000003,6.229500793841622
0.48258,6.229541162819646
0.48267000000000004,6.2295886997554835
0.48276,6.2295873023993495
0.48285000000000006,6.229578165526394
0.48294000000000004,6.229589620407238
0.48303,6.229585042118483
0.48312000000000005,6.229589145595873
0.48321000000000003,6.229609671421029
0.4833,6.229605870916523
0.48339000000000004,6.229568164900842
0.48348,6.229585539785595
0.48357000000000006,6.229618399647263
0.48366000000000003,6.229624868165199
0.48375,6.229616416874025
0.48384000000000005,6.229624679723405
0.48393,6.229629075771113
0.48402,6.229655934809756
0.48411000000000004,6.229698005759251
0.4842,6.2297098938049515
0.48429000000000005,6.229724135728018
0.48438000000000003,6.229755119941446
0.48447,6.22980384813827
0.48456000000000005,6.229854623456606
0.48465,6.229876655020302
0.48474,6.229892096876353
0.48483000000000004,6.229909006386666
0.48492,6.229926030185638
0.48501000000000005,6.2299477419083376
0.48510000000000003,6.229959743550555
0.48519,6.229965719847728
0.48528000000000004,6.229967385801979
0.48537,6.229965021879938
0.48546000000000006,6.229980445312814
0.48555000000000004,6.230008728395352
0.48564,6.23002221901666
0.48573000000000005,6.230011385704335
0.48582000000000003,6.230004969364569
0.48591,6.229999505166397
0.48600000000000004,6.229999542287494
0.48609,6.229998282478989
0.48618000000000006,6.229978921647474
0.48627000000000004,6.229970327989452
0.48636,6.229972339845277
0.48645000000000005,6.229989629607536
0.48654000000000003,6.230021242564315
0.48663,6.230026619192214
0.48672000000000004,6.230041430233165
0.48681,6.230058051539178
0.48690000000000005,6.2300711316230535
0.48699000000000003,6.230129004643035
0.48708,6.230173302242398
0.48717000000000005,6.230176493635578
0.48726,6.230179541995663
0.48735,6.230220509277826
0.48744000000000004,6.230233228283
0.48753,6.230263326207865
0.48762000000000005,6.230301557577732
0.48771000000000003,6.230302579797065
0.4878,6.230325493099436
0.48789000000000005,6.2303582469172625
0.48798,6.2303715665790085
0.48807,6.2303729286955924
0.48816000000000004,6.2303922940631615
0.48825,6.230389858690782
0.48834000000000005,6.2303837618304065
0.48843000000000003,6.2303950986475725
0.48852,6.230412956751543
0.48861000000000004,6.230438587312784
0.4887,6.230452340476124
0.48879000000000006,6.230456004329452
0.48888000000000004,6.2304791126577195
0.48897,6.230535545581171
0.48906000000000005,6.230561204228506
0.48915000000000003,6.230556100845109
0.48924,6.23057005486188
0.48933000000000004,6.230617006546135
0.48942,6.230633579102496
0.48951000000000006,6.230657556829576
0.48960000000000004,6.23069412774662
0.48969,6.230704567308247
0.48978000000000005,6.230742754718052
0.48987,6.230793890804141
0.48996,6.230835992014804
0.49005000000000004,6.230860622054996
0.49014,6.230863131742252
0.49023000000000005,6.230876100862342
0.49032000000000003,6.2309288276874115
0.49041,6.230988259082456
0.49050000000000005,6.230999521532248
0.49059,6.231028562487641
0.49068,6.23104984533296
0.49077000000000004,6.23106218005846
0.49086,6.231097628202957
0.49095000000000005,6.23111761598278
0.49104000000000003,6.231130973730416
0.49113,6.231141094485763
0.49122000000000005,6.231146406034591
0.49131,6.231159748674347
0.4914,6.231176543836446
0.49149000000000004,6.231196501240937
0.49158,6.231210727594068
0.49167000000000005,6.231215661648968
0.49176000000000003,6.231252116280944
0.49185,6.231293823697236
0.49194000000000004,6.231316527998597
0.49203,6.2313310505250294
0.49212000000000006,6.23135501823587
0.49221000000000004,6.23138614246149
0.4923,6.231433420424107
0.49239000000000005,6.231483069332407
0.49248000000000003,6.231496976642598
0.49257,6.231518574920919
0.49266000000000004,6.231559676799654
0.49275,6.231603844136007
0.49284000000000006,6.231639665755959
0.49293000000000003,6.231673562058627
0.49302,6.231701528774945
0.49311000000000005,6.231732398126578
0.4932,6.231763976076
0.49329,6.231766705222154
0.49338000000000004,6.231785398964378
0.49347,6.231805628445108
0.49356000000000005,6.231801773177961
0.49365000000000003,6.231801306068199
0.49374,6.231824514686408
0.49383000000000005,6.231850333887088
0.49392,6.231849081468415
0.49401,6.2318314741156975
0.49410000000000004,6.231851873367874
0.49419,6.231844798615039
0.49428000000000005,6.231839677446975
0.49437000000000003,6.231876062745293
0.49446,6.231863712978192
0.49455000000000005,6.231842390679109
0.49464,6.23186218637075
0.49473000000000006,6.231895660906715
0.49482000000000004,6.231888290075042
0.49491,6.231913840705318
0.49500000000000005,6.231941057636547
0.49509000000000003,6.231953417162726
0.49518,6.231981313275233
0.49527000000000004,6.2320106975660785
0.49536,6.232026352211994
0.49545000000000006,6.232044235581801
0.49554000000000004,6.232068985313487
0.49563,6.232075669596128
0.49572000000000005,6.232106460679666
0.49581000000000003,6.2321302346181335
0.4959,6.232121449105547
0.49599000000000004,6.232111527298765
0.49608,6.232111572977215
0.49617000000000006,6.232117260451041
0.49626000000000003,6.232117654854925
0.49635,6.23210334835138
0.49644000000000005,6.2320748488482165
0.49653,6.23204841113643
0.49662,6.232029384244384
0.49671000000000004,6.232027195455397
0.4968,6.232046163089923
0.49689000000000005,6.23202190350837
0.49698000000000003,6.232015591889518
0.49707,6.232033872980355
0.49716000000000005,6.232011650651026
0.49725,6.23202398829456
0.49734,6.232049031431016
0.49743000000000004,6.2320557878555425
0.49752,6.232064136515666
0.49761000000000005,6.232108624434514
0.49770000000000003,6.232132270217153
0.49779,6.2321382975986115
0.49788000000000004,6.232160418149049
0.49797,6.2321875379191525
0.49806000000000006,6.2321789451175125
0.49815000000000004,6.232175938072402
0.49824,6.232181529963283
0.49833000000000005,6.232164066115797
0.49842000000000003,6.232172821037088
0.49851,6.23215096079238
0.49860000000000004,6.23212941014214
0.49869,6.232157968914615
0.49878000000000006,6.232168983699679
0.49887000000000004,6.232158031047657
0.49896,6.232147112108138
0.49905000000000005,6.232145623433957
0.49914000000000003,6.232142122104692
0.49923,6.232131212491858
0.49932000000000004,6.232137067166233
0.49941,6.2321381176893595
0.49950000000000006,6.232110896262193
0.49959000000000003,6.23212026823834
0.49968,6.232130895981669
0.49977000000000005,6.232127893246675
0.49986,6.232119642909546
0.49995,6.232103012193248
0.50004,6.232121182330671
0.5001300000000001,6.2321616542822005
0.50022,6.232189617271907
0.50031,6.232198867905358
0.5004000000000001,6.232209783605866
0.50049,6.232210378389288
0.50058,6.232214533040925
0.5006700000000001,6.232240396608824
0.50076,6.232255929180773
0.50085,6.23227243119588
0.50094,6.232282050097707
0.5010300000000001,6.2322874795931655
0.50112,6.2323159751110415
0.50121,6.232326822358167
0.5013000000000001,6.232329052303969
0.50139,6.232324934772309
0.50148,6.232302520781167
0.5015700000000001,6.2323025920608295
0.50166,6.232284827853732
0.50175,6.232268114360126
0.5018400000000001,6.2322928725735345
0.50193,6.232310506218322
0.50202,6.232308694470051
0.5021100000000001,6.232313844044208
0.5022,6.2323423128115225
0.50229,6.232372301039381
0.50238,6.232380025520436
0.5024700000000001,6.232389122063893
0.50256,6.232400468499425
0.50265,6.232398122612178
0.5027400000000001,6.232416823149046
0.50283,6.232429137325714
0.50292,6.232433426842836
0.5030100000000001,6.232446397982555
0.5031,6.232458303903138
0.50319,6.232480504752905
0.5032800000000001,6.232502762065
0.50337,6.232516713116454
0.50346,6.232531200499194
0.50355,6.232544800793332
0.50364,6.232576566305464
0.50373,6.232601313354779
0.50382,6.232593036344457
0.5039100000000001,6.232609421768212
0.504,6.232622640930628
0.50409,6.2326520329158335
0.5041800000000001,6.2326926663372
0.50427,6.232674803534513
0.50436,6.232710036878422
0.5044500000000001,6.232747591450448
0.50454,6.232742801439444
0.50463,6.232751082569129
0.5047200000000001,6.232744473861016
0.50481,6.232734048672728
0.5049,6.232738045204268
0.50499,6.232757783977764
0.5050800000000001,6.232781966367119
0.50517,6.232783530879258
0.50526,6.232785432350311
0.5053500000000001,6.232815401224139
0.50544,6.232852259718168
0.50553,6.232868052750259
0.5056200000000001,6.23289133325646
0.50571,6.232921792044092
0.5058,6.232930757811927
0.5058900000000001,6.232961304175361
0.50598,6.2330120138181675
0.50607,6.2330504446291615
0.50616,6.233069059667825
0.50625,6.233105205276171
0.50634,6.233139828533321
0.50643,6.233156990542398
0.5065200000000001,6.233167758596694
0.50661,6.233196962071609
0.5067,6.233244964832167
0.5067900000000001,6.233264383840689
0.50688,6.233264705074069
0.50697,6.23329172510821
0.5070600000000001,6.233308251662033
0.50715,6.23331047880785
0.50724,6.233311795563374
0.5073300000000001,6.233320975951559
0.50742,6.233333668529093
0.50751,6.233334407036491
0.5076,6.233322318804134
0.5076900000000001,6.2333105024948985
0.50778,6.23332103985895
0.50787,6.233373010368138
0.5079600000000001,6.2333975853934795
0.50805,6.233396661625734
0.50814,6.233428553946118
0.5082300000000001,6.233461345189667
0.50832,6.233471596105955
0.50841,6.233495963535452
0.5085000000000001,6.233549504161971
0.50859,6.2335768847252435
0.50868,6.23359322819566
0.5087700000000001,6.23360981933835
0.50886,6.23363647101428
0.50895,6.233669308451057
0.50904,6.233658399500085
0.5091300000000001,6.23365840102848
0.50922,6.233683701062619
0.50931,6.233692358517413
0.5094000000000001,6.233686800418635
0.50949,6.233710322408694
0.50958,6.2337239034759095
0.5096700000000001,6.233701698604056
0.50976,6.233700621950142
0.50985,6.233706731465529
0.5099400000000001,6.233715085523334
0.51003,6.233720961963165
0.51012,6.233716024501418
0.51021,6.233715224709433
0.5103000000000001,6.233735911319594
0.51039,6.233749477921856
0.51048,6.233744246499932
0.5105700000000001,6.233774001592066
0.51066,6.233780740233335
0.51075,6.233759470698121
0.5108400000000001,6.233757585040275
0.51093,6.233791873163985
0.51102,6.233802015392274
0.5111100000000001,6.233827218427946
0.5112,6.233867072610395
0.51129,6.2338759051272685
0.5113800000000001,6.233900091333084
0.51147,6.233934778310581
0.51156,6.2339503473816515
0.51165,6.233949626254449
0.5117400000000001,6.233973946396655
0.51183,6.233999357723538
0.51192,6.234016698694035
0.5120100000000001,6.234020027751041
0.5121,6.234003443781934
0.51219,6.234004616275558
0.5122800000000001,6.234017725201141
0.51237,6.234022036191542
0.51246,6.234016068995564
0.5125500000000001,6.234018327678127
0.51264,6.234020912146463
0.51273,6.234027300447543
0.51282,6.234042304902801
0.51291,6.2340510293008045
0.513,6.234042405344301
0.51309,6.2340369610759865
0.5131800000000001,6.234045043048406
0.51327,6.234058321397766
0.51336,6.234088754756079
0.5134500000000001,6.23410010413043
0.51354,6.234108598426395
0.51363,6.234146296784163
0.5137200000000001,6.23416927130604
0.51381,6.234188908839036
0.5139,6.234212202533203
0.5139900000000001,6.2342370259769995
0.51408,6.234260108068563
0.51417,6.234259525355258
0.51426,6.234299495278979
0.5143500000000001,6.234357146665957
0.51444,6.23435213074791
0.51453,6.234374003360512
0.5146200000000001,6.234388800000342
0.51471,6.234385616805355
0.5148,6.234393811109765
0.5148900000000001,6.234406543044893
0.51498,6.234425377011905
0.51507,6.234420718383179
0.5151600000000001,6.234401048506599
0.51525,6.234418881820706
0.51534,6.234433563975593
0.51543,6.234434926274353
0.51552,6.234439332244802
0.51561,6.234458722887857
0.5157,6.234485345146863
0.5157900000000001,6.234506420136911
0.51588,6.234534000160143
0.51597,6.234570551008889
0.5160600000000001,6.234589492811796
0.51615,6.234624402792694
0.51624,6.234662804716111
0.5163300000000001,6.234683866960679
0.51642,6.234701838686962
0.51651,6.234731539284635
0.5166000000000001,6.234745860753475
0.51669,6.234758984223509
0.51678,6.234796305143062
0.51687,6.234812873087921
0.5169600000000001,6.234836699946294
0.51705,6.234846727515363
0.51714,6.234840207665199
0.5172300000000001,6.234877160271877
0.51732,6.234882906575878
0.51741,6.234888475873128
0.5175000000000001,6.2349162684323485
0.51759,6.234924923326115
0.51768,6.2349405684892485
0.5177700000000001,6.234967159090975
0.51786,6.234978978688309
0.51795,6.234967774168606
0.5180400000000001,6.234972322615946
0.51813,6.234981833545273
0.51822,6.234997755497346
0.51831,6.235016055812902
0.5184000000000001,6.235018385458481
0.51849,6.235038575005202
0.51858,6.2350553631859595
0.5186700000000001,6.235056752260029
0.51876,6.235070294196043
0.51885,6.235104233349028
0.5189400000000001,6.235120956317838
0.51903,6.235124191268151
0.51912,6.235140766059848
0.5192100000000001,6.235162267681492
0.5193,6.23519285236611
0.51939,6.235213149517116
0.51948,6.235206184642721
0.5195700000000001,6.235193902918159
0.51966,6.23522294014399
0.51975,6.235231352748389
0.5198400000000001,6.2352119667012555
0.51993,6.235222472685518
0.52002,6.235237265602695
0.5201100000000001,6.2352414196707135
0.5202,6.235253853344993
0.52029,6.2352680002655685
0.5203800000000001,6.235237977958601
0.52047,6.235232488575461
0.52056,6.235249974214093
0.5206500000000001,6.235264756524244
0.52074,6.235274869567508
0.52083,6.235252500928144
0.52092,6.235256260596234
0.5210100000000001,6.2352735140217215
0.5211,6.235255976917818
0.52119,6.235264805749332
0.5212800000000001,6.23526854209404
0.52137,6.235256209966806
0.52146,6.235255930035593
0.5215500000000001,6.235280463909008
0.52164,6.2352893018205195
0.52173,6.23531381445824
0.5218200000000001,6.235342589196139
0.52191,6.235330065554076
0.522,6.235365799118995
0.52209,6.235406640788465
0.52218,6.235436014343384
0.52227,6.235468112181107
0.52236,6.235459520453876
0.5224500000000001,6.235461998388811
0.52254,6.235489683807261
0.52263,6.235524040014961
0.5227200000000001,6.235552963381515
0.52281,6.235548464237816
0.5229,6.235554981861014
0.5229900000000001,6.235579108951229
0.52308,6.235584615115059
0.52317,6.23560586377268
0.5232600000000001,6.235614975182988
0.52335,6.2356174732996035
0.52344,6.235637001825879
0.52353,6.235654595179165
0.5236200000000001,6.235681188961138
0.52371,6.235713724522704
0.5238,6.235746267322682
0.5238900000000001,6.235776345366589
0.52398,6.235779891873761
0.52407,6.2357980455735
0.5241600000000001,6.235844010599984
0.52425,6.235886523495582
0.52434,6.235924057236298
0.5244300000000001,6.235959071365332
0.52452,6.235992220088417
0.52461,6.236026600006162
0.5247,6.236069638980516
0.52479,6.236119900798352
0.52488,6.236149038525717
0.52497,6.236174813901793
0.5250600000000001,6.236237681512506
0.52515,6.236262392805379
0.52524,6.236275793245141
0.5253300000000001,6.236293829682113
0.52542,6.236304553026008
0.52551,6.2363401081147325
0.5256000000000001,6.236374565957144
0.52569,6.236389969785798
0.52578,6.236394144365207
0.5258700000000001,6.23640236206773
0.52596,6.236421331376486
0.52605,6.236457607205947
0.52614,6.236508843159771
0.5262300000000001,6.23655343979398
0.52632,6.236563965579049
0.52641,6.236594965256845
0.5265000000000001,6.236646642507043
0.52659,6.236685020333709
0.52668,6.2367378150793975
0.5267700000000001,6.236788887251347
0.52686,6.236827590768053
0.52695,6.236865743030297
0.5270400000000001,6.236914057270686
0.52713,6.236945306298869
0.52722,6.236983439443564
0.5273100000000001,6.2370200026738445
0.5274,6.237023958040629
0.52749,6.237047332310516
0.52758,6.237084956026413
0.5276700000000001,6.237113930582384
0.52776,6.237128399804073
0.52785,6.2371435842337615
0.5279400000000001,6.237178285147748
0.52803,6.237219713960959
0.52812,6.237246175937194
0.5282100000000001,6.237258804092543
0.5283,6.237283229703465
0.52839,6.237322896990319
0.5284800000000001,6.237361183938309
0.52857,6.237388444301227
0.52866,6.237422427568672
0.52875,6.237459883301134
0.5288400000000001,6.23749716093321
0.52893,6.2375373604541515
0.52902,6.237581574353173
0.5291100000000001,6.237618312526305
0.5292,6.23764330872935
0.52929,6.237671018471775
0.5293800000000001,6.237716205507711
0.52947,6.237757367191082
0.52956,6.237799006195775
0.5296500000000001,6.237835091620319
0.52974,6.237851556852638
0.52983,6.237864388445309
0.5299200000000001,6.23790040582361
0.53001,6.237932410683974
0.5301,6.2379453348258345
0.53019,6.23797453963701
0.5302800000000001,6.237983058559982
0.53037,6.23800460674515
0.53046,6.238048033733819
0.5305500000000001,6.238075206628535
0.53064,6.238115490581793
0.53073,6.238147379731189
0.5308200000000001,6.2381700592995575
0.53091,6.238205842452377
0.531,6.238250409662783
0.5310900000000001,6.238298169757786
0.53118,6.238343911722526
0.53127,6.238393091495606
0.53136,6.23844601786276
0.53145,6.23845639490133
0.53154,6.238486823147578
0.53163,6.238545518121512
0.5317200000000001,6.238567351381117
0.53181,6.2385833471058945
0.5319,6.238626000006934
0.5319900000000001,6.238670518531553
0.53208,6.238691301164283
0.53217,6.238721422785467
0.5322600000000001,6.238754397576302
0.53235,6.238784947066787
0.53244,6.238825808132078
0.5325300000000001,6.238879529246633
0.53262,6.238897273968589
0.53271,6.238932578804179
0.5328,6.2390028200648855
0.5328900000000001,6.239055562825724
0.53298,6.239076478732911
0.53307,6.239100617426223
0.5331600000000001,6.23914364940562
0.53325,6.239197410439066
0.53334,6.23924857418489
0.5334300000000001,6.2392679600368455
0.53352,6.239302391397278
0.53361,6.239364037909702
0.5337000000000001,6.239401027189958
0.53379,6.239435999384282
0.53388,6.239473129373326
0.5339700000000001,6.239518421368346
0.53406,6.239571829980302
0.53415,6.2396084004165315
0.53424,6.239658773764053
0.5343300000000001,6.2397032861025625
0.53442,6.239722871865011
0.53451,6.239754329478032
0.5346000000000001,6.23979281774902
0.53469,6.239842281399041
0.53478,6.239890668340265
0.5348700000000001,6.239912095232447
0.53496,6.23992086464474
0.53505,6.239956294342956
0.5351400000000001,6.2399983997689406
0.53523,6.2400242174015865
0.53532,6.240081206379967
0.53541,6.240116485728626
0.5355000000000001,6.240135357045212
0.53559,6.240179696559659
0.53568,6.240245415180821
0.5357700000000001,6.2402806151189525
0.53586,6.240317790665541
0.53595,6.2403602034810985
0.5360400000000001,6.24037588825931
0.53613,6.240413608350392
0.53622,6.240461627317902
0.5363100000000001,6.240500241510668
0.5364,6.240537150566676
0.53649,6.240584056725029
0.5365800000000001,6.24058965817526
0.53667,6.24060874349643
0.53676,6.240670897196667
0.53685,6.2407079716822365
0.5369400000000001,6.240724730671782
0.53703,6.24072881913618
0.53712,6.24076919521904
0.5372100000000001,6.2408593213844314
0.5373,6.240880602333425
0.53739,6.240885525648972
0.5374800000000001,6.240915192233424
0.53757,6.240954289651627
0.53766,6.240989181710262
0.5377500000000001,6.241029577340014
0.53784,6.241065576483488
0.53793,6.241097179612759
0.53802,6.241134506865093
0.5381100000000001,6.241153162101136
0.5382,6.241200762574385
0.53829,6.241254575030846
0.5383800000000001,6.241267179874273
0.53847,6.241304179635916
0.53856,6.241356186813951
0.5386500000000001,6.241398616079182
0.53874,6.241430846349466
0.53883,6.241470504178793
0.5389200000000001,6.24151568186549
0.53901,6.2415509179263085
0.5391,6.24158086328235
0.5391900000000001,6.2416196598624385
0.53928,6.241645566457959
0.53937,6.241674575141894
0.53946,6.241699442440384
0.5395500000000001,6.241712128387175
0.53964,6.241751166684426
0.53973,6.241806325776303
0.5398200000000001,6.241852390315689
0.53991,6.241874095714509
0.54,6.241880509700291
0.5400900000000001,6.241908336220713
0.54018,6.24195570422491
0.54027,6.241998601442058
0.5403600000000001,6.24202246568175
0.54045,6.2420389500712465
0.54054,6.2420686730351935
0.54063,6.242109103897924
0.5407200000000001,6.2421423087058
0.54081,6.242161377518488
0.5409,6.242174948322041
0.5409900000000001,6.24218536979373
0.54108,6.242214044994359
0.54117,6.242281658035763
0.5412600000000001,6.242327302132878
0.54135,6.242346233962723
0.54144,6.242357787333132
0.5415300000000001,6.242375535971861
0.54162,6.242413047633519
0.54171,6.2424709062423895
0.5418000000000001,6.242516109340717
0.54189,6.2425353981944145
0.54198,6.242563122562576
0.54207,6.242581037134997
0.5421600000000001,6.242606350232556
0.54225,6.242639204291836
0.54234,6.242651472815306
0.5424300000000001,6.242670254545706
0.54252,6.242697336422207
0.54261,6.242725276356806
0.5427000000000001,6.242754196534846
0.54279,6.24278502495592
0.54288,6.242797566618479
0.5429700000000001,6.242803767110525
0.54306,6.242829031254046
0.54315,6.242875629584871
0.5432400000000001,6.242927613272242
0.54333,6.242957531372426
0.54342,6.242963641836737
0.54351,6.24298147698786
0.5436000000000001,6.243043789469914
0.54369,6.2431021934641375
0.54378,6.243115184417945
0.5438700000000001,6.243108968158882
0.54396,6.243145644617981
0.54405,6.243170481380012
0.5441400000000001,6.243202826708375
0.54423,6.243254836306748
0.54432,6.243271754823341
0.5444100000000001,6.243291331594731
0.5445,6.243302958106385
0.54459,6.243317614533627
0.54468,6.243358753648333
0.5447700000000001,6.243374645773459
0.54486,6.243403760736786
0.54495,6.243440400303656
0.5450400000000001,6.2434605270490255
0.54513,6.2434947590364445
0.54522,6.243514285560879
0.5453100000000001,6.243516273922575
0.5454,6.243525145770987
0.54549,6.2435592246900455
0.5455800000000001,6.243607396715317
0.54567,6.243635361416141
0.54576,6.243653918317703
0.5458500000000001,6.243691862953873
0.54594,6.243722181643413
0.54603,6.243765257353527
0.54612,6.243801242186792
0.5462100000000001,6.243809609549373
0.5463,6.243825417981013
0.54639,6.243857608839447
0.5464800000000001,6.243912225809963
0.54657,6.243954984603875
0.54666,6.24395269951006
0.5467500000000001,6.2439875491517824
0.54684,6.244046459892664
0.54693,6.244081180964891
0.5470200000000001,6.244090168694785
0.54711,6.244122358862354
0.5472,6.244141783001202
0.54729,6.244167248991498
0.5473800000000001,6.2442138376437075
0.54747,6.244238681611082
0.54756,6.244275615020166
0.5476500000000001,6.244305459328757
0.54774,6.244324939190496
0.54783,6.244358144950575
0.5479200000000001,6.244374354867508
0.54801,6.244410827747278
0.5481,6.244450690656107
0.5481900000000001,6.244467728694932
0.54828,6.244515355066421
0.54837,6.244551411798293
0.5484600000000001,6.244594938838199
0.54855,6.244652834128655
0.54864,6.244675009918204
0.54873,6.244706865492619
0.5488200000000001,6.244755893225653
0.54891,6.244798232922286
0.549,6.2448363200259545
0.5490900000000001,6.244915159020492
0.54918,6.244952961327831
0.54927,6.2449708333082175
0.5493600000000001,6.245027070681022
0.54945,6.245070968327412
0.54954,6.2451155972034185
0.5496300000000001,6.245147901933023
0.54972,6.245165074469011
0.54981,6.245196681702405
0.5499,6.245236470656936
0.5499900000000001,6.245270723433883
0.55008,6.2453137567252215
0.55017,6.245365417768049
0.5502600000000001,6.245369384750292
0.55035,6.245399279337537
0.55044,6.2454703582950195
0.5505300000000001,6.245534762721518
0.55062,6.245572071906476
0.55071,6.2456038523215796
0.5508000000000001,6.2456415252143715
0.55089,6.245704500184756
0.55098,6.2457906252726945
0.5510700000000001,6.245814742647192
0.55116,6.245850831058675
0.55125,6.245920358991387
0.55134,6.245975308911253
0.5514300000000001,6.24603163381853
0.55152,6.246075957598574
0.55161,6.246116097112716
0.5517000000000001,6.246163604860976
0.55179,6.24620755577093
0.55188,6.246245537386152
0.5519700000000001,6.2462783559214845
0.55206,6.246321983838783
0.55215,6.246382320306858
0.5522400000000001,6.246418061760695
0.55233,6.246463202757768
0.55242,6.246505337245122
0.5525100000000001,6.24652100501817
0.5526,6.24655761365959
0.55269,6.246584665509577
0.55278,6.246626437789238
0.5528700000000001,6.246696119972462
0.55296,6.24674414673508
0.55305,6.246771400866407
0.5531400000000001,6.246802991905634
0.55323,6.246856426329295
0.55332,6.24691879426016
0.5534100000000001,6.2469524606811895
0.5535,6.246978191824028
0.55359,6.247025843267542
0.5536800000000001,6.247094835287684
0.55377,6.247157126953534
0.55386,6.247209593021474
0.55395,6.247228134210331
0.5540400000000001,6.247233194942888
0.55413,6.247280870827503
0.55422,6.247325419166432
0.5543100000000001,6.247356182702024
0.5544,6.247382768173932
0.55449,6.247409762252173
0.5545800000000001,6.247435604898731
0.55467,6.247453916964263
0.55476,6.24747377823389
0.5548500000000001,6.247505066707714
0.55494,6.247536173123806
0.55503,6.247544549719868
0.5551200000000001,6.247553202600808
0.55521,6.247593004819704
0.5553,6.247651747513225
0.55539,6.247676579665725
0.5554800000000001,6.247715864844349
0.55557,6.247759398710695
0.55566,6.2477710558894035
0.5557500000000001,6.24781460033486
0.55584,6.247874829901059
0.55593,6.247911521399495
0.5560200000000001,6.247921507322762
0.55611,6.247941768186657
0.5562,6.2479733815633205
0.5562900000000001,6.2480122422595175
0.55638,6.248047353551742
0.55647,6.248077313840103
0.55656,6.248126677935268
0.5566500000000001,6.2481288016974155
0.55674,6.248130530948051
0.55683,6.248191865734383
0.5569200000000001,6.248214390458342
0.55701,6.248219438454189
0.5571,6.248233439293132
0.5571900000000001,6.248256395615507
0.55728,6.248278500311697
0.55737,6.248293312606435
0.5574600000000001,6.248326432865855
0.55755,6.2483666980084225
0.55764,6.248385417372949
0.5577300000000001,6.2484166369515615
0.55782,6.248444571380705
0.55791,6.248477423616145
0.558,6.248524659505138
0.5580900000000001,6.24855934542334
0.55818,6.248608057157909
0.55827,6.248656250696278
0.5583600000000001,6.2486882957940155
0.55845,6.2487222270950245
0.55854,6.2487625942521605
0.5586300000000001,6.2487917604140915
0.55872,6.248823052509457
0.55881,6.248874185943645
0.5589000000000001,6.248908157864076
0.55899,6.2489349594702155
0.55908,6.248958641081716
0.5591700000000001,6.24898473416836
0.5592600000000001,6.249029323481572
0.55935,6.249056956930918
0.55944,6.249061719110248
0.5595300000000001,6.24908344041784
0.55962,6.249149214090526
0.55971,6.249194965119306
0.5598000000000001,6.24921281250521
0.55989,6.2492278840036075
0.55998,6.249255772748209
0.5600700000000001,6.24928906467135
0.56016,6.249332188874948
0.56025,6.24938143117892
0.5603400000000001,6.24942850952719
0.56043,6.249470002939442
0.56052,6.249503236190711
0.56061,6.249533413966394
0.5607000000000001,6.249572143077051
0.56079,6.249624586377108
0.56088,6.249675551032157
0.5609700000000001,6.2497156936386435
0.56106,6.249749149889382
0.56115,6.249788005891925
0.5612400000000001,6.249836967366572
0.56133,6.249874039281786
0.56142,6.249884180508733
0.5615100000000001,6.2498995821369645
0.5616,6.2499595632636415
0.56169,6.2499890664831526
0.5617800000000001,6.2500069642667695
0.56187,6.250039473210744
0.56196,6.250069638303982
0.56205,6.2500907475966665
0.5621400000000001,6.250122683248624
0.56223,6.250152847910793
0.56232,6.25016846396233
0.5624100000000001,6.250197091459965
0.5625,6.250232562429753
0.56259,6.250263811171005
0.5626800000000001,6.250295938754872
0.56277,6.250341349567704
0.56286,6.250385548330883
0.5629500000000001,6.250406564639603
0.56304,6.250429344930086
0.56313,6.250474419387808
0.56322,6.250488584374723
0.5633100000000001,6.250525184731445
0.5634,6.2505710622867054
0.56349,6.25058792914162
0.5635800000000001,6.250602581997896
0.56367,6.250624547746456
0.56376,6.250661477855582
0.5638500000000001,6.250699563803962
0.56394,6.25071664505654
0.56403,6.250733646631081
0.5641200000000001,6.250760722561348
0.56421,6.2507877651163195
0.5643,6.2508047673853095
0.5643900000000001,6.250822340344938
0.56448,6.250846777464326
0.56457,6.250875582598046
0.56466,6.2508999342235345
0.5647500000000001,6.250915218601337
0.56484,6.250936324495848
0.56493,6.250963864853938
0.5650200000000001,6.250980312825412
0.56511,6.250984674604035
0.5652,6.251022794443125
0.5652900000000001,6.251064111253816
0.56538,6.251077637514276
0.56547,6.251084449890966
0.5655600000000001,6.251127458983347
0.56565,6.251149530344123
0.56574,6.251158370485743
0.56583,6.251182554705604
0.5659200000000001,6.251210014837454
0.56601,6.251240930998509
0.5661,6.251267586207631
0.5661900000000001,6.2512882834276216
0.56628,6.251312320396221
0.56637,6.251343607995493
0.5664600000000001,6.251358609851103
0.56655,6.251371112108532
0.56664,6.251404421824248
0.5667300000000001,6.251440474363162
0.56682,6.251459553118034
0.56691,6.25146897514487
0.5670000000000001,6.251485952191221
0.56709,6.251511457857971
0.56718,6.251525129432689
0.56727,6.251543029319903
0.5673600000000001,6.2515597886584
0.56745,6.251565173312284
0.56754,6.2515959954352365
0.5676300000000001,6.251628641258819
0.56772,6.251645616498041
0.56781,6.25165842484559
0.5679000000000001,6.251682244736195
0.56799,6.251696686766838
0.56808,6.2517226942989
0.5681700000000001,6.251758823412602
0.56826,6.251776316843748
0.56835,6.251805671967224
0.5684400000000001,6.2518305781898365
0.5685300000000001,6.251845307248567
0.56862,6.251867679138693
0.56871,6.2519011485709255
0.5688000000000001,6.251923862227147
0.56889,6.2519370467464
0.56898,6.25195526590324
0.5690700000000001,6.251980343300196
0.56916,6.252002077250583
0.56925,6.252024237459076
0.5693400000000001,6.252043115166129
0.56943,6.252048461779681
0.56952,6.2520537863281875
0.5696100000000001,6.252079292711217
0.5697,6.252102261647809
0.56979,6.252120384409126
0.56988,6.252185089954361
0.5699700000000001,6.252197395859178
0.57006,6.252195202398594
0.57015,6.252221199547993
0.5702400000000001,6.252228033008094
0.57033,6.252274075982066
0.57042,6.252308720727898
0.5705100000000001,6.2523179363546895
0.5706,6.2523459408861255
0.57069,6.252368761571132
0.5707800000000001,6.252393285095409
0.57087,6.252427430631416
0.57096,6.2524629169048485
0.5710500000000001,6.252480534930218
0.57114,6.252470188904626
0.57123,6.2524965190622925
0.57132,6.252551269575466
0.5714100000000001,6.252556219823512
0.5715,6.252591689205051
0.57159,6.252623199432154
0.5716800000000001,6.252652245525749
0.57177,6.252704265042203
0.57186,6.25271093616089
0.5719500000000001,6.252741507065328
0.57204,6.252776561613515
0.57213,6.2527883214221465
0.5722200000000001,6.252835232879095
0.57231,6.252854458466236
0.5724,6.2528638077159115
0.57249,6.252894301486476
0.5725800000000001,6.252925424112666
0.57267,6.252939080215394
0.57276,6.252969608243264
0.5728500000000001,6.253009325981842
0.57294,6.253026950046124
0.57303,6.253042413897242
0.5731200000000001,6.253066714238032
0.57321,6.253111438201638
0.5733,6.253154903017216
0.5733900000000001,6.253157172894479
0.57348,6.253170692236817
0.57357,6.2532032988015525
0.5736600000000001,6.2532413269864495
0.57375,6.253276796739576
0.57384,6.253298807565911
0.57393,6.253328315046723
0.5740200000000001,6.253358727562553
0.57411,6.253382092474167
0.5742,6.253422850048235
0.5742900000000001,6.253441182530715
0.57438,6.253461361791508
0.57447,6.253494397331916
0.5745600000000001,6.253507395892807
0.57465,6.253553157202132
0.57474,6.253571414181167
0.5748300000000001,6.253580906902742
0.57492,6.2536399711803075
0.57501,6.25364637236989
0.5751000000000001,6.253678913550594
0.5751900000000001,6.253735031050684
0.57528,6.25375712918759
0.57537,6.253772160591366
0.5754600000000001,6.253799022562698
0.57555,6.253821662791826
0.57564,6.253834624098419
0.5757300000000001,6.253861501026184
0.57582,6.253907043163795
0.57591,6.253931766750919
0.5760000000000001,6.253949675985049
0.57609,6.253996854491818
0.57618,6.254034805330302
0.5762700000000001,6.254058371370309
0.57636,6.2540712314737785
0.57645,6.254085600847857
0.57654,6.254121749375705
0.5766300000000001,6.254170036669051
0.57672,6.2542101638673095
0.57681,6.2542387317955574
0.5769000000000001,6.254260400968398
0.57699,6.254259289515855
0.57708,6.254283096169073
0.5771700000000001,6.254328792068448
0.57726,6.254358929224656
0.57735,6.254390080749057
0.5774400000000001,6.254432702012903
0.57753,6.25446213620892
0.57762,6.254477440202054
0.5777100000000001,6.25451115750618
0.5778000000000001,6.254522995827666
0.57789,6.254542913186365
0.57798,6.2545851163596025
0.5780700000000001,6.25461960161716
0.57816,6.25464816459617
0.57825,6.254666980951868
0.5783400000000001,6.254693806012216
0.57843,6.2547315954180895
0.57852,6.254742635517815
0.5786100000000001,6.254757199133707
0.5787,6.2547834240376865
0.57879,6.254807655158058
0.5788800000000001,6.254827056215856
0.57897,6.254855183970289
0.57906,6.254868913798848
0.57915,6.254888803955729
0.5792400000000001,6.254941470044686
0.57933,6.254962436755176
0.57942,6.254985907396789
0.5795100000000001,6.255009033807405
0.5796,6.255021258030218
0.57969,6.255059426930311
0.5797800000000001,6.255078434463616
0.57987,6.25510008793401
0.57996,6.255135455346279
0.5800500000000001,6.255154387817042
0.58014,6.255191669882746
0.58023,6.2552163839982216
0.5803200000000001,6.25523159439315
0.58041,6.255260759369467
0.5805,6.255267063793965
0.58059,6.2552818299621755
0.5806800000000001,6.2553100578160645
0.58077,6.2553298433551445
0.58086,6.255336329722663
0.5809500000000001,6.255346269084958
0.58104,6.2553541978965885
0.58113,6.255372766276306
0.5812200000000001,6.255413027545311
0.58131,6.255413775049135
0.5814,6.255412340930095
0.5814900000000001,6.255439358076851
0.58158,6.255473297593382
0.58167,6.255484462551326
0.58176,6.255494112817425
0.5818500000000001,6.2555097516893525
0.58194,6.255528822966928
0.58203,6.25555491091785
0.5821200000000001,6.255578522536617
0.58221,6.255596185501585
0.5823,6.255620764031358
0.5823900000000001,6.25565476685127
0.58248,6.255664534809312
0.58257,6.255694436001408
0.5826600000000001,6.255732622114547
0.58275,6.255744486361956
0.58284,6.255757010132147
0.5829300000000001,6.255753050671332
0.58302,6.255762204879269
0.58311,6.25579292413841
0.5832,6.255804465429691
0.5832900000000001,6.255816100319606
0.58338,6.255828802524725
0.58347,6.255829819818524
0.5835600000000001,6.255832708049166
0.58365,6.255882333581729
0.58374,6.255907456160197
0.5838300000000001,6.255904276860106
0.58392,6.255917745755881
0.58401,6.255941674927955
0.5841000000000001,6.2559532296715235
0.58419,6.2559747479799865
0.58428,6.256014555297802
0.5843700000000001,6.256038251266751
0.5844600000000001,6.25603544891935
0.58455,6.256063892449119
0.58464,6.256112403505099
0.5847300000000001,6.2561307275196905
0.58482,6.256152597705599
0.58491,6.256186293069066
0.5850000000000001,6.25620537250699
0.58509,6.25620463344162
0.58518,6.256223229142572
0.5852700000000001,6.256262984247289
0.58536,6.256293041883234
0.58545,6.2563038217883475
0.5855400000000001,6.256314825763658
0.58563,6.256326962146744
0.58572,6.256341601470513
0.58581,6.256366296145974
0.5859000000000001,6.256390764527561
0.58599,6.256385793603399
0.58608,6.256401310445692
0.5861700000000001,6.256426340553112
0.58626,6.256438185043336
0.58635,6.256460118016846
0.5864400000000001,6.256486239666889
0.58653,6.256502484763415
0.58662,6.25651999820725
0.5867100000000001,6.256552518150345
0.5868,6.2565674072343525
0.58689,6.256572286648807
0.5869800000000001,6.256598785974632
0.5870700000000001,6.256642380127294
0.58716,6.256656697975415
0.58725,6.256695481544916
0.5873400000000001,6.256729008488683
0.58743,6.25672736859407
0.58752,6.256739513798643
0.5876100000000001,6.256791891540164
0.5877,6.256803883002655
0.58779,6.256798933167965
0.5878800000000001,6.256842587893776
0.58797,6.256831283956926
0.58806,6.256840209687243
0.5881500000000001,6.256870532211183
0.58824,6.256876533559708
0.58833,6.256886377669327
0.58842,6.256896166211497
0.5885100000000001,6.256908887306019
0.5886,6.256927243347745
0.58869,6.256943872068284
0.5887800000000001,6.256955016299626
0.58887,6.256971500472216
0.58896,6.256990891478803
0.5890500000000001,6.257007462485737
0.58914,6.257032654158138
0.58923,6.2570421213796745
0.5893200000000001,6.257055083491053
0.58941,6.257084205190453
0.5895,6.257096555070296
0.5895900000000001,6.257112845896423
0.58968,6.257137158972492
0.58977,6.257163053752551
0.58986,6.2571880209154065
0.5899500000000001,6.257207324174315
0.59004,6.257212762130027
0.59013,6.257215862609378
0.5902200000000001,6.257239451333913
0.59031,6.257277804186111
0.5904,6.257262646774436
0.5904900000000001,6.257250979231138
0.59058,6.257284646690225
0.59067,6.257293574773589
0.5907600000000001,6.257291289578941
0.59085,6.25729335465121
0.59094,6.257306410716084
0.59103,6.257328006429933
0.5911200000000001,6.257341134602997
0.59121,6.257342683699234
0.5913,6.257350207662401
0.5913900000000001,6.2573773797245975
0.59148,6.25740770205541
0.59157,6.25741365178492
0.5916600000000001,6.257423229819517
0.59175,6.257446426017011
0.59184,6.257456581684575
0.5919300000000001,6.257492364700297
0.59202,6.257513401524267
0.59211,6.257520223396733
0.5922000000000001,6.257547290933569
0.59229,6.257557216672767
0.59238,6.25758402780793
0.59247,6.257614053068605
0.5925600000000001,6.257618386815732
0.59265,6.257623314665463
0.59274,6.2576427590282595
0.5928300000000001,6.257668907474611
0.59292,6.25768743685426
0.59301,6.257693781877194
0.5931000000000001,6.257700767533974
0.59319,6.25772975483381
0.59328,6.257761396060316
0.5933700000000001,6.257769106022506
0.59346,6.257780902452942
0.59355,6.257804593293845
0.5936400000000001,6.257825290556841
0.5937300000000001,6.257840155095953
0.59382,6.2578688957348785
0.59391,6.257902981789787
0.5940000000000001,6.257939413992873
0.59409,6.257966197290374
0.59418,6.257975987608928
0.5942700000000001,6.258002762822172
0.59436,6.258033715570919
0.59445,6.25806672454837
0.5945400000000001,6.258102566486335
0.59463,6.258117182878841
0.59472,6.258143037311762
0.5948100000000001,6.258181808259943
0.5949,6.25821728387837
0.59499,6.258247659848619
0.59508,6.258269951931403
0.5951700000000001,6.258286652631437
0.59526,6.258301282732431
0.59535,6.2583186586504445
0.5954400000000001,6.258349450017497
0.59553,6.258397013631259
0.59562,6.2584229462308425
0.5957100000000001,6.258423047064675
0.5958,6.258467996399082
0.59589,6.258514004791084
0.5959800000000001,6.258531669949168
0.59607,6.2585398296159
0.59616,6.258567071870438
0.5962500000000001,6.25859562601671
0.5963400000000001,6.258627666803035
0.59643,6.258657428102686
0.59652,6.258674785361708
0.5966100000000001,6.258700812730003
0.5967,6.2587577972225334
0.59679,6.25880315170506
0.5968800000000001,6.258815129851052
0.59697,6.258848854588026
0.59706,6.258874480082091
0.5971500000000001,6.258882404214379
0.59724,6.25890274242585
0.59733,6.258956061279265
0.5974200000000001,6.258994903824579
0.59751,6.2590193423890295
0.5976,6.2590332650734855
0.59769,6.259036107987006
0.5977800000000001,6.259046378676467
0.59787,6.259060906159198
0.59796,6.2590943335871785
0.5980500000000001,6.259138196822725
0.59814,6.259150997712242
0.59823,6.259164637774691
0.5983200000000001,6.25919703366343
0.59841,6.259222847070741
0.5985,6.25922971678096
0.5985900000000001,6.259282949849244
0.59868,6.259311331499289
0.59877,6.2593108060207765
0.5988600000000001,6.259338236697538
0.59895,6.259376815495577
0.59904,6.2593940728040565
0.59913,6.259412702529789
0.5992200000000001,6.259443421975602
0.59931,6.2594603464492735
0.5994,6.259503412498923
0.5994900000000001,6.259527451055702
0.59958,6.259524541709005
0.59967,6.259537577747746
0.5997600000000001,6.259547930480876
0.59985,6.259582950381236
0.59994,6.259610634505258
0.6000300000000001,6.259604879622429
0.60012,6.259629246806923
0.60021,6.259678080132468
0.6003000000000001,6.259701586410197
0.6003900000000001,6.259694202798558
0.60048,6.259703003000793
0.60057,6.2597224301343175
0.6006600000000001,6.259754333286729
0.60075,6.259789078125653
0.60084,6.25980873200547
0.6009300000000001,6.25981847316936
0.60102,6.25983930009699
0.60111,6.259849941640788
0.6012000000000001,6.2598481432548185
0.60129,6.259882654402875
0.60138,6.259910052228098
0.6014700000000001,6.259924950018111
0.60156,6.259940620833409
0.60165,6.259958064475772
0.60174,6.259982884546312
0.6018300000000001,6.2599988744570165
0.60192,6.259999952406199
0.60201,6.260008974635508
0.6021000000000001,6.260049115453764
0.60219,6.260052335939345
0.60228,6.2600510232900115
0.6023700000000001,6.2600792816971
0.60246,6.260084728991538
0.60255,6.260105749695354
0.6026400000000001,6.260143193757229
0.60273,6.260162082447512
0.60282,6.260154510774184
0.6029100000000001,6.2601778643412205
0.6030000000000001,6.260201940888049
0.60309,6.260217227237248
0.60318,6.260241667536414
0.6032700000000001,6.260264184587464
0.60336,6.260285790228966
0.60345,6.260295623378315
0.6035400000000001,6.260302763926554
0.60363,6.260335785121863
0.60372,6.2603670659611
0.6038100000000001,6.260381692185604
0.6039,6.260386641817675
0.60399,6.260393531852548
0.6040800000000001,6.260402360730137
0.60417,6.260423139836349
0.60426,6.260460447377616
0.60435,6.260494493948075
0.6044400000000001,6.260498745091763
0.60453,6.26051943770742
0.60462,6.260541730191597
0.6047100000000001,6.260552011040222
0.6048,6.260576452618546
0.60489,6.260598370856427
0.6049800000000001,6.260628401426656
0.60507,6.260663012484319
0.60516,6.260685409333487
0.6052500000000001,6.260703856958923
0.60534,6.260713514215878
0.60543,6.260728178886135
0.6055200000000001,6.260752138391403
0.6056100000000001,6.260765755682499
0.6057,6.260796224633705
0.60579,6.260808906604867
0.6058800000000001,6.260806296051607
0.60597,6.26084072206913
0.60606,6.260874265932613
0.6061500000000001,6.260885817353426
0.60624,6.260889053077499
0.60633,6.260910942077697
0.6064200000000001,6.260956074665664
0.60651,6.260982881334236
0.6066,6.260987575574019
0.6066900000000001,6.2609925701796225
0.60678,6.261009393171647
0.60687,6.261043397556024
0.60696,6.261079198891178
0.6070500000000001,6.261096007127864
0.60714,6.2610953233543025
0.60723,6.2611114440200675
0.6073200000000001,6.261132923210458
0.60741,6.261161947365
0.6075,6.261207246551821
0.6075900000000001,6.261244193582611
0.60768,6.261253465344785
0.60777,6.261260872575048
0.6078600000000001,6.261278836216749
0.60795,6.261288322490454
0.60804,6.261319550026289
0.6081300000000001,6.261332187008302
0.60822,6.261339308326842
0.60831,6.261375676722919
0.6084,6.261361948295758
0.6084900000000001,6.2613764491749
0.60858,6.261408453409211
0.60867,6.261413906242149
0.6087600000000001,6.2614473080216415
0.60885,6.2614676555062045
0.60894,6.261476771291962
0.6090300000000001,6.261493537564865
0.60912,6.261515616037206
0.60921,6.261550070633154
0.6093000000000001,6.261571437770873
0.60939,6.261588214727429
0.60948,6.2616217739639275
0.6095700000000001,6.261639110800714
0.6096600000000001,6.2616524482183955
0.60975,6.261665668551104
0.60984,6.261677614000052
0.6099300000000001,6.261699139347108
0.61002,6.261721043145772
0.61011,6.261743592907976
0.6102000000000001,6.261758703497865
0.61029,6.261758510311912
0.61038,6.261772595328319
0.6104700000000001,6.261783086851334
0.61056,6.26179001831914
0.61065,6.261815503827247
0.6107400000000001,6.261853015577504
0.61083,6.261868663044545
0.61092,6.261883497834462
0.61101,6.261912033343862
0.6111000000000001,6.261920697336639
0.61119,6.26192879559341
0.61128,6.261942398910352
0.6113700000000001,6.261955074210316
0.61146,6.261970176220213
0.61155,6.262006934472577
0.6116400000000001,6.262043853490582
0.61173,6.2620662736267505
0.61182,6.262075817540484
0.6119100000000001,6.26207871648994
0.612,6.2621062098980955
0.61209,6.262132785622473
0.6121800000000001,6.262142154394094
0.6122700000000001,6.262162564563331
0.61236,6.262175941620391
0.61245,6.262193570394368
0.6125400000000001,6.26220851095726
0.61263,6.262214108233282
0.61272,6.262256230885617
0.6128100000000001,6.262266392787878
0.6129,6.262264915819901
0.61299,6.2622918623317805
0.6130800000000001,6.262295733126476
0.61317,6.262331459740335
0.61326,6.2623516538835595
0.6133500000000001,6.262340034134721
0.61344,6.262361786707196
0.61353,6.262371718239392
0.61362,6.262394302763904
0.6137100000000001,6.262428098752488
0.6138,6.2624434510521505
0.61389,6.26246607155425
0.6139800000000001,6.262497519282156
0.61407,6.262515402366778
0.61416,6.262521398442036
0.6142500000000001,6.262547619028996
0.61434,6.262561500391889
0.61443,6.262567618080863
0.6145200000000001,6.262580258212464
0.61461,6.262594648761814
0.6147,6.26260947475078
0.6147900000000001,6.2626311142512066
0.6148800000000001,6.262656569181217
0.61497,6.262678500675993
0.61506,6.262698775724622
0.6151500000000001,6.26271127034221
0.61524,6.2627121985224035
0.61533,6.262720071868735
0.6154200000000001,6.262757747100156
0.61551,6.262783200921988
0.6156,6.262788772285329
0.6156900000000001,6.262797376393786
0.61578,6.262823369611662
0.61587,6.262845939313711
0.6159600000000001,6.2628574307379274
0.61605,6.262871326070496
0.61614,6.2628986510681175
0.61623,6.262925275205545
0.6163200000000001,6.262936472177778
0.61641,6.262953854279114
0.6165,6.262985174804263
0.6165900000000001,6.262999865853921
0.61668,6.262997114410929
0.61677,6.263031203831172
0.6168600000000001,6.2630745940671675
0.61695,6.263075195083334
0.61704,6.2631173548993715
0.6171300000000001,6.263146541591336
0.61722,6.263148164600311
0.61731,6.263159962087161
0.6174000000000001,6.263184761122229
0.6174900000000001,6.263196869224623
0.61758,6.263213551439887
0.61767,6.263239673940894
0.6177600000000001,6.263252279672804
0.61785,6.263276957809965
0.61794,6.263305873284985
0.6180300000000001,6.263324395919643
0.61812,6.263341305541369
0.61821,6.263378584458417
0.6183000000000001,6.26339943973385
0.61839,6.263414102881576
0.61848,6.263445956498204
0.6185700000000001,6.263472921421474
0.61866,6.263484721115296
0.61875,6.263509443669937
0.6188400000000001,6.263546397122666
0.6189300000000001,6.263562281183888
0.61902,6.2635759006407445
0.61911,6.263618564340185
0.6192000000000001,6.263657530572522
0.61929,6.263662987454017
0.61938,6.263691777882928
0.6194700000000001,6.263714570609412
0.61956,6.263732271450352
0.61965,6.263756899983562
0.6197400000000001,6.263777303937153
0.61983,6.263812972754993
0.61992,6.26382669242999
0.6200100000000001,6.26383896911852
0.6201,6.263895290848933
0.62019,6.263911460210121
0.62028,6.263929929394199
0.6203700000000001,6.2639671849765906
0.62046,6.263993373676335
0.62055,6.264010330370347
0.6206400000000001,6.264038082978106
0.62073,6.264066048822118
0.62082,6.264085248132339
0.6209100000000001,6.264111593108966
0.621,6.264148897513294
0.62109,6.264189528078926
0.6211800000000001,6.2642124561634445
0.62127,6.2642219905302206
0.62136,6.2642727488813215
0.6214500000000001,6.264310577523872
0.6215400000000001,6.264332290606135
0.62163,6.264364063311881
0.62172,6.264385043015214
0.6218100000000001,6.2644103220196605
0.6219,6.264433220653927
0.62199,6.264457493290924
0.6220800000000001,6.264497288445033
0.62217,6.2645155794938105
0.62226,6.2645357280802445
0.6223500000000001,6.264569118459999
0.62244,6.264597321410205
0.62253,6.26461903207471
0.6226200000000001,6.264645992165833
0.62271,6.264672358005589
0.6228,6.264695061951435
0.62289,6.264728421101314
0.6229800000000001,6.2647606770928235
0.62307,6.264780765987781
0.62316,6.2647942223957385
0.6232500000000001,6.264822807970625
0.62334,6.264879139905217
0.62343,6.264902878388
0.6235200000000001,6.264915107961722
0.62361,6.264957577999507
0.6237,6.264967963913571
0.6237900000000001,6.264989362542592
0.62388,6.265020966152913
0.62397,6.265038203219069
0.6240600000000001,6.26504918014889
0.6241500000000001,6.265058442631195
0.62424,6.265087969310997
0.62433,6.2651254989513445
0.6244200000000001,6.265144420487926
0.62451,6.2651760707764605
0.6246,6.265195174193609
0.6246900000000001,6.265202773620533
0.62478,6.265220682643881
0.62487,6.265242685144879
0.6249600000000001,6.26527019690428
0.62505,6.265279501464412
0.62514,6.26528675875413
0.6252300000000001,6.26533861536597
0.62532,6.265372283401617
0.62541,6.265381999849654
0.6255000000000001,6.265393336439733
0.6255900000000001,6.265416238517298
0.62568,6.2654354474551175
0.62577,6.265442221292122
0.6258600000000001,6.265446827402513
0.62595,6.265465187910641
0.62604,6.265497180155367
0.6261300000000001,6.26552115650211
0.62622,6.2655390519926035
0.62631,6.265553800110629
0.6264000000000001,6.265559028504493
0.62649,6.265567678227627
0.62658,6.265580453660983
0.6266700000000001,6.265597593673604
0.6267600000000001,6.2656167559319815
0.62685,6.265627770225596
0.62694,6.265651883922083
0.6270300000000001,6.2656669742022775
0.62712,6.265667633103438
0.62721,6.265699511826581
0.6273000000000001,6.265725132126368
0.62739,6.2657394452004995
0.62748,6.2657555377199685
0.6275700000000001,6.265778744296348
0.62766,6.265810636639623
0.62775,6.265814501818639
0.6278400000000001,6.265821541107621
0.62793,6.265865835116806
0.62802,6.2658809012350805
0.6281100000000001,6.265881536343895
0.6282000000000001,6.265897780492911
0.62829,6.26592898593727
0.62838,6.265946367420526
0.6284700000000001,6.265942094375249
0.62856,6.265958376435852
0.62865,6.265995653421415
0.6287400000000001,6.26601191366971
0.62883,6.266019103026045
0.62892,6.266039762600791
0.6290100000000001,6.266054741614714
0.6291,6.26605310120157
0.62919,6.266074268459906
0.6292800000000001,6.266087700203327
0.62937,6.266108709462497
0.62946,6.266148596835938
0.62955,6.266178439038054
0.6296400000000001,6.26620550439438
0.62973,6.266223344504756
0.62982,6.266227877449467
0.6299100000000001,6.2662345239650845
0.63,6.266264618084766
0.63009,6.266286014661935
0.6301800000000001,6.26630999592066
0.63027,6.266348055693765
0.63036,6.2663603372101555
0.6304500000000001,6.2663694398734275
0.63054,6.2663911400414705
0.63063,6.266407787200633
0.6307200000000001,6.26640707831732
0.6308100000000001,6.266440326608403
0.6309,6.266466785459548
0.63099,6.266475876187567
0.6310800000000001,6.266497837965126
0.63117,6.266519054271157
0.63126,6.266535777600067
0.6313500000000001,6.26655063338477
0.63144,6.266561951602632
0.63153,6.266570213927698
0.6316200000000001,6.2666028099949385
0.63171,6.266634188466668
0.6318,6.2666605034213605
0.6318900000000001,6.2667022529577885
0.63198,6.266714108563583
0.63207,6.266721231484479
0.63216,6.266747717018783
0.6322500000000001,6.266785126491303
0.63234,6.266813392360285
0.63243,6.266815474827768
0.6325200000000001,6.266839255187392
0.63261,6.266887739536015
0.6327,6.266891766588521
0.6327900000000001,6.2669050152606705
0.63288,6.266929251894479
0.63297,6.266949600341622
0.6330600000000001,6.266971287393284
0.63315,6.26699555015369
0.63324,6.267007468199323
0.6333300000000001,6.267011104701523
0.6334200000000001,6.267023984365912
0.63351,6.267049754198871
0.6336,6.267074465382924
0.6336900000000001,6.267089891348161
0.63378,6.267108067094977
0.63387,6.267143033895655
0.6339600000000001,6.267166707711331
0.63405,6.26717424803999
0.63414,6.267194380752782
0.6342300000000001,6.267233909475555
0.63432,6.267237226432476
0.63441,6.26725428030784
0.6345000000000001,6.267288427454259
0.63459,6.267310864527661
0.63468,6.267334311425826
0.6347700000000001,6.2673628435795
0.6348600000000001,6.267386056616934
0.63495,6.267396463461631
0.63504,6.267401447907624
0.6351300000000001,6.267415425580235
0.63522,6.267431908556019
0.63531,6.267450286558452
0.6354000000000001,6.267472674117209
0.63549,6.267485737564141
0.63558,6.267495860617708
0.6356700000000001,6.267500242756478
0.63576,6.26750638070224
0.63585,6.267537574101164
0.6359400000000001,6.26757139338873
0.6360300000000001,6.267590086703786
0.63612,6.267603646938105
0.63621,6.267621529242834
0.6363000000000001,6.267613207371864
0.63639,6.267626578665
0.63648,6.26765722397838
0.6365700000000001,6.267670109526965
0.63666,6.267692360026639
0.63675,6.267720003609432
0.6368400000000001,6.267742346986249
0.63693,6.26775887019852
0.63702,6.267777947106219
0.6371100000000001,6.267800712479095
0.6372,6.267813198991098
0.63729,6.2678148042184265
0.6373800000000001,6.267826085265239
0.6374700000000001,6.2678602670293575
0.63756,6.267881695696694
0.63765,6.267890005353215
0.6377400000000001,6.267904526523033
0.63783,6.267915759977487
0.63792,6.267931835177188
0.6380100000000001,6.267951126682542
0.6381,6.267963291136572
0.63819,6.267970415744545
0.6382800000000001,6.268001374412632
0.63837,6.26803234230995
0.63846,6.268046722115595
0.6385500000000001,6.268056687225959
0.63864,6.268070631776197
0.63873,6.268095069544811
0.63882,6.268117960217075
0.6389100000000001,6.268138765981115
0.639,6.268171157486809
0.63909,6.26815950368294
0.6391800000000001,6.2681679492123985
0.63927,6.268217682061889
0.63936,6.268235710131799
0.6394500000000001,6.26825197724372
0.63954,6.2682719676789596
0.63963,6.268296879982664
0.6397200000000001,6.268325345920112
0.63981,6.268336772021317
0.6399,6.26834334237182
0.6399900000000001,6.268361328586682
0.6400800000000001,6.2683949923553195
0.64017,6.268430423819515
0.64026,6.268439313852834
0.6403500000000001,6.268457934105851
0.64044,6.26849132804617
0.64053,6.268502176770173
0.6406200000000001,6.268518235644805
0.64071,6.268553395026446
0.6408,6.268587892239207
0.6408900000000001,6.268604603511508
0.64098,6.268624452044983
0.64107,6.268656109399345
0.6411600000000001,6.268688005969946
0.64125,6.268694708014966
0.64134,6.26867933368141
0.6414300000000001,6.268726780462823
0.6415200000000001,6.2687794653288815
0.64161,6.268797720553548
0.6417,6.268814817870385
0.6417900000000001,6.268826798732607
0.64188,6.268860548880406
0.64197,6.268885639636199
0.6420600000000001,6.268882894559775
0.64215,6.268913732128147
0.64224,6.268944485415742
0.6423300000000001,6.268972315377879
0.64242,6.268993250559618
0.64251,6.268992923139257
0.6426000000000001,6.269028136087914
0.6426900000000001,6.2690490058709685
0.64278,6.269056223104038
0.64287,6.26909784548512
0.6429600000000001,6.2691305994377435
0.64305,6.269154349123772
0.64314,6.269186973654608
0.6432300000000001,6.269214065465563
0.64332,6.269207201741741
0.64341,6.269248741084012
0.6435000000000001,6.269291455184016
0.64359,6.269294368169138
0.64368,6.269305800924241
0.6437700000000001,6.269332042868203
0.64386,6.269352820467141
0.64395,6.269367593929477
0.6440400000000001,6.269386811367886
0.6441300000000001,6.26940138746457
0.64422,6.269422454614493
0.64431,6.269440109232503
0.6444000000000001,6.269453264762235
0.64449,6.269482872319832
0.64458,6.2695010959315765
0.6446700000000001,6.269518631422979
0.64476,6.269544173786756
0.64485,6.269561252592439
0.6449400000000001,6.269568980417743
0.64503,6.269603796864334
0.64512,6.2696351252607165
0.6452100000000001,6.269635515885573
0.6453000000000001,6.2696679919469265
0.64539,6.269680223162849
0.64548,6.269695257636729
0.6455700000000001,6.269730118134595
0.64566,6.269736915836862
0.64575,6.269756407156822
0.6458400000000001,6.269774697982465
0.64593,6.269789241856319
0.64602,6.269819735040111
0.6461100000000001,6.269840802466895
0.6462,6.2698553908395995
0.64629,6.2698678287135134
0.6463800000000001,6.269874832389673
0.64647,6.269882927927635
0.64656,6.269924427328331
0.6466500000000001,6.269948001203699
0.6467400000000001,6.2699453498199045
0.64683,6.269974261327558
0.64692,6.269970314592907
0.6470100000000001,6.269981615082771
0.6471,6.270003262810577
0.64719,6.269994170396897
0.6472800000000001,6.27002606999383
0.64737,6.270054697304492
0.64746,6.270057518691736
0.6475500000000001,6.270061506902549
0.64764,6.270083687840644
0.64773,6.270088373070773
0.6478200000000001,6.270104313284817
0.64791,6.270141495905913
0.648,6.270163526415356
0.64809,6.270186745411691
0.6481800000000001,6.270207558065784
0.64827,6.2702212385872045
0.64836,6.270228507717574
0.6484500000000001,6.270228762802728
0.64854,6.27024314425732
0.64863,6.270263756713759
0.6487200000000001,6.27028110662885
0.64881,6.270303584331532
0.6489,6.270304453385067
0.6489900000000001,6.270307293021476
0.64908,6.2703240411073455
0.64917,6.270337500331149
0.6492600000000001,6.270357306266672
0.6493500000000001,6.27035933255816
0.64944,6.2703590673403555
0.64953,6.2703801801349375
0.6496200000000001,6.270394036224249
0.64971,6.270409321465404
0.6498,6.270420903568265
0.6498900000000001,6.270430299840498
0.64998,6.270455356319642
0.65007,6.270477350225325
0.6501600000000001,6.270488117899245
0.65025,6.270499015682597
0.65034,6.2705191248185566
0.6504300000000001,6.270531269506918
0.65052,6.27053590726673
0.65061,6.270552205404236
0.6507000000000001,6.270580305096283
0.6507900000000001,6.2705923248019975
0.65088,6.270617905842522
0.65097,6.270631311242104
0.6510600000000001,6.270621513450226
0.65115,6.270631086346862
0.65124,6.270660517103979
0.6513300000000001,6.270677772522917
0.65142,6.27068148975841
0.65151,6.270696239790617
0.6516000000000001,6.270716565687613
0.65169,6.270716886318791
0.65178,6.270726080198039
0.6518700000000001,6.270753846670347
0.6519600000000001,6.2707477321684655
0.65205,6.270753551021351
0.65214,6.270768679597237
0.6522300000000001,6.270788253291431
0.65232,6.27081991439645
0.65241,6.270816645801001
0.6525000000000001,6.270831944869965
0.65259,6.270854851160279
0.65268,6.2708472377829105
0.6527700000000001,6.2708741386366205
0.65286,6.27091013821439
0.65295,6.270922798451892
0.6530400000000001,6.270919392541909
0.65313,6.270932617329084
0.65322,6.270959379144685
0.6533100000000001,6.270956099540103
0.6534000000000001,6.270949620090172
0.65349,6.270990566020431
0.65358,6.270995581920511
0.6536700000000001,6.271016580618215
0.65376,6.2710400407048885
0.65385,6.271025408463582
0.6539400000000001,6.271037498683027
0.65403,6.271063519509743
0.65412,6.271074225727623
0.6542100000000001,6.2710779486218255
0.6543,6.2711044033004555
0.65439,6.271122625805043
0.6544800000000001,6.2711313929932215
0.6545700000000001,6.27114048262414
0.65466,6.2711456326727415
0.65475,6.271138532139656
0.6548400000000001,6.271153744673599
0.65493,6.271177857778146
0.65502,6.2711896242735685
0.6551100000000001,6.2712173523325925
0.6552,6.271240012815931
0.65529,6.271251618890879
0.6553800000000001,6.271252592115527
0.65547,6.271249779731859
0.65556,6.27128447064467
0.6556500000000001,6.271303627150603
0.65574,6.271296775777156
0.65583,6.271313051775244
0.6559200000000001,6.2713505236027105
0.6560100000000001,6.271352255583161
0.6561,6.271345745719397
0.65619,6.27136963355914
0.6562800000000001,6.271389569638412
0.65637,6.271417460880558
0.65646,6.271423402795217
0.6565500000000001,6.271415339329614
0.65664,6.271442918228626
0.65673,6.271471593130935
0.6568200000000001,6.271464788739304
0.65691,6.271462815586348
0.657,6.271503668646061
0.6570900000000001,6.271523730912701
0.65718,6.271537337092471
0.65727,6.271549346409779
0.65736,6.271559894545949
0.6574500000000001,6.2715784730476125
0.65754,6.271572781354106
0.65763,6.27157635395433
0.6577200000000001,6.271603898800524
0.65781,6.271624404310735
0.6579,6.271636229431112
0.6579900000000001,6.271637726491397
0.65808,6.2716479379477335
0.65817,6.271676939805743
0.6582600000000001,6.271695211585401
0.65835,6.271702030430513
0.65844,6.27171439694947
0.6585300000000001,6.271738977353078
0.6586200000000001,6.2717617264834296
0.65871,6.271770369796804
0.6588,6.27176854606231
0.6588900000000001,6.271771435846923
0.65898,6.271795550135956
0.65907,6.271839268832655
0.6591600000000001,6.271848207078014
0.65925,6.271838545961235
0.65934,6.271847107504929
0.6594300000000001,6.271848647144215
0.65952,6.271853841800218
0.65961,6.271877135938827
0.6597000000000001,6.271904047843571
0.65979,6.271906507439823
0.65988,6.271902212690083
0.6599700000000001,6.271908541022016
0.6600600000000001,6.271928417944012
0.66015,6.271949612958502
0.66024,6.27195696326606
0.6603300000000001,6.2719675771891525
0.66042,6.271977290350585
0.66051,6.271982944452357
0.6606000000000001,6.272001797625661
0.66069,6.272008245929075
0.66078,6.272005931236715
0.6608700000000001,6.272014598992907
0.66096,6.272036230463482
0.66105,6.272048250654409
0.6611400000000001,6.272068149698994
0.6612300000000001,6.2720859760826855
0.66132,6.272090346672252
0.66141,6.272117077086607
0.6615000000000001,6.2721199020409735
0.66159,6.272121644627995
0.66168,6.272154320307747
0.6617700000000001,6.272180376598212
0.66186,6.272175184875884
0.66195,6.272161720569374
0.6620400000000001,6.272161623204287
0.66213,6.272175030236615
0.66222,6.272202109578972
0.6623100000000001,6.272215043611104
0.6624,6.272212846710704
0.66249,6.27221408746234
0.6625800000000001,6.272219547198575
0.6626700000000001,6.2722282466314505
0.66276,6.27224885651499
0.66285,6.272275927752854
0.6629400000000001,6.272287035518721
0.66303,6.272288196245647
0.66312,6.272307205240121
0.6632100000000001,6.272332047877032
0.6633,6.272336998410378
0.66339,6.27235465817984
0.6634800000000001,6.27236500979503
0.66357,6.272373648654332
0.66366,6.272394093026849
0.6637500000000001,6.272407969459291
0.6638400000000001,6.272428410456113
0.66393,6.27243671280907
0.66402,6.272433823114934
0.6641100000000001,6.272451934784491
0.6642,6.272471595441737
0.66429,6.272475721975681
0.6643800000000001,6.272481363761567
0.66447,6.272504596583231
0.66456,6.272515493657751
0.6646500000000001,6.2725239028294135
0.66474,6.272538018237478
0.66483,6.272550989957283
0.6649200000000001,6.272559336362921
0.66501,6.272586264813368
0.6651,6.272605263835096
0.6651900000000001,6.272604283165712
0.6652800000000001,6.272612150874033
0.66537,6.272634701109224
0.66546,6.27265655966753
0.6655500000000001,6.272677621563461
0.66564,6.27270105688652
0.66573,6.272711977174961
0.6658200000000001,6.272734497042603
0.66591,6.272745913488177
0.666,6.272749672933514
0.6660900000000001,6.272791900022249
0.66618,6.272795965916597
0.66627,6.272812866545212
0.6663600000000001,6.272851082336067
0.66645,6.2728491406058575
0.66654,6.272857085277703
0.6666300000000001,6.272886764276852
0.6667200000000001,6.272911262102306
0.66681,6.2729150548141
0.6669,6.272921499607735
0.6669900000000001,6.272930696411831
0.66708,6.272958702528008
0.66717,6.272994260966243
0.6672600000000001,6.273000543791843
0.66735,6.273012384917994
0.66744,6.273024189723713
0.6675300000000001,6.273041562851455
0.66762,6.273075249936971
0.66771,6.2730874729369726
0.6678000000000001,6.273106178012842
0.6678900000000001,6.273136744501395
0.66798,6.273159796859713
0.66807,6.273173080537896
0.6681600000000001,6.27318291007275
0.66825,6.273202207822048
0.66834,6.273233781621227
0.6684300000000001,6.2732577194938886
0.66852,6.2732479995746795
0.66861,6.273261179007467
0.6687000000000001,6.273298904008753
0.66879,6.273317253290156
0.66888,6.273335012770417
0.6689700000000001,6.273340901365453
0.66906,6.273354122956666
0.66915,6.273386366723516
0.6692400000000001,6.273403095493884
0.6693300000000001,6.273400443464998
0.66942,6.273426692584933
0.66951,6.273467018634643
0.6696000000000001,6.273458842902359
0.66969,6.27345329232249
0.66978,6.273475636978062
0.6698700000000001,6.273499875676396
0.66996,6.273505080499653
0.67005,6.273524479289248
0.6701400000000001,6.273555672335978
0.67023,6.273568890102213
0.67032,6.273577179505865
0.6704100000000001,6.273620764775748
0.6705000000000001,6.273618819585933
0.67059,6.27362494103167
0.67068,6.273652815519195
0.6707700000000001,6.273648001896989
0.67086,6.273662549892303
0.67095,6.27368291519984
0.6710400000000001,6.273703449314574
0.67113,6.273727049720218
0.67122,6.273731240367261
0.6713100000000001,6.273730210710684
0.6714,6.273749050340468
0.67149,6.273766865785003
0.6715800000000001,6.2737447276597935
0.67167,6.273748505028644
0.67176,6.273761446467263
0.6718500000000001,6.273772529139617
0.6719400000000001,6.273799531989328
0.67203,6.273819652867388
0.67212,6.2738254848382855
0.6722100000000001,6.27382758513139
0.6723,6.2738356203798045
0.67239,6.273846463999531
0.6724800000000001,6.27386115795623
0.67257,6.273872399208066
0.67266,6.2738815799919365
0.6727500000000001,6.2738948143916735
0.67284,6.2738923787305145
0.67293,6.27388943471701
0.6730200000000001,6.27390718071266
0.6731100000000001,6.273937576511541
0.6732,6.2739433864583845
0.67329,6.2739341298924645
0.6733800000000001,6.273946100456708
0.67347,6.273972906617717
0.67356,6.273966519999946
0.6736500000000001,6.273978740718027
0.67374,6.273998504985368
0.67383,6.273996585814049
0.6739200000000001,6.273984732552574
0.67401,6.273996139562611
0.6741,6.274011489151158
0.6741900000000001,6.274006952912981
0.67428,6.273999631534203
0.67437,6.274031180449088
0.6744600000000001,6.2740472910327885
0.6745500000000001,6.274054154529014
0.67464,6.274068596983597
0.67473,6.274063933235068
0.6748200000000001,6.2740653526556205
0.67491,6.2740724862840365
0.675,6.274083238319414
0.6750900000000001,6.27410212785286
0.67518,6.274117331164914
0.67527,6.274142873598192
0.6753600000000001,6.2741611365660885
0.67545,6.274156629764144
0.67554,6.274163001404646
0.6756300000000001,6.274177636096905
0.67572,6.2741883498592435
0.67581,6.274198264544546
0.6759000000000001,6.274216797294539
0.6759900000000001,6.274221044639584
0.67608,6.274207448815502
0.67617,6.274205881513691
0.6762600000000001,6.274234992797979
0.67635,6.274253434269077
0.67644,6.27425940720468
0.6765300000000001,6.274264225102309
0.67662,6.274273570594467
0.67671,6.274286298152477
0.6768000000000001,6.274298535574808
0.67689,6.274302432244508
0.67698,6.27430802032049
0.6770700000000001,6.274331515537506
0.6771600000000001,6.274348660647338
0.67725,6.274361617008464
0.67734,6.274371789332804
0.6774300000000001,6.274384139552453
0.67752,6.274418203966936
0.67761,6.274421581774767
0.6777000000000001,6.2744182656370056
0.67779,6.274444283405305
0.67788,6.274466801371286
0.6779700000000001,6.274486110233413
0.67806,6.274487047516149
0.67815,6.274477147484128
0.6782400000000001,6.274489328282234
0.67833,6.274521473483643
0.67842,6.274549658534153
0.6785100000000001,6.27455945073388
0.6786000000000001,6.274556723126994
0.67869,6.274558074378899
0.67878,6.274569617832605
0.6788700000000001,6.274586365641542
0.67896,6.274601357121205
0.67905,6.274614959451729
0.6791400000000001,6.27463521157469
0.67923,6.274654025228188
0.67932,6.274662091490001
0.6794100000000001,6.274662762460713
0.6795,6.274671352227961
0.67959,6.2747008482714035
0.6796800000000001,6.274731702215212
0.6797700000000001,6.274746087571396
0.67986,6.274761411583372
0.67995,6.274767602098408
0.6800400000000001,6.274785481278861
0.68013,6.274807583835415
0.68022,6.27479763922557
0.6803100000000001,6.274809439702647
0.6804,6.274836034762363
0.68049,6.274851556015686
0.6805800000000001,6.274858489154605
0.68067,6.274879197468441
0.68076,6.274894346426567
0.6808500000000001,6.274906122937508
0.68094,6.274920776526706
0.68103,6.274922077909474
0.6811200000000001,6.274931348218678
0.6812100000000001,6.274947239279332
0.6813,6.274959431999634
0.68139,6.274967830939399
0.6814800000000001,6.274974357313283
0.68157,6.274988062184625
0.68166,6.275012711310833
0.6817500000000001,6.275029122275247
0.68184,6.27501272728902
0.68193,6.275041633159412
0.6820200000000001,6.275083905637618
0.68211,6.275083342637854
0.6822,6.27508351786138
0.6822900000000001,6.2751134489773595
0.6823800000000001,6.275135203415409
0.68247,6.275133487430581
0.6825600000000001,6.275140676975575
0.6826500000000001,6.27515902662082
0.68274,6.275175845808932
0.68283,6.275192882009699
0.6829200000000001,6.275206243788469
0.68301,6.275195717049298
0.6831,6.2752168467191565
0.6831900000000001,6.275224222971428
0.68328,6.275207822377427
0.68337,6.275245076497155
0.6834600000000001,6.27524281422022
0.68355,6.27524704392082
0.68364,6.275280576779674
0.6837300000000001,6.27529274169752
0.6838200000000001,6.275305004272702
0.68391,6.275327135304317
0.684,6.275340461419443
0.6840900000000001,6.275342512305411
0.68418,6.275364752008456
0.68427,6.275370490065449
0.6843600000000001,6.275380670280061
0.68445,6.275405133737078
0.68454,6.27540924095611
0.6846300000000001,6.275420843531043
0.68472,6.275430632125164
0.68481,6.275445308680917
0.6849000000000001,6.275472553516386
0.68499,6.275470233055662
0.68508,6.275491146860445
0.6851700000000001,6.275503925048429
0.6852600000000001,6.275488156018652
0.68535,6.275527422749407
0.68544,6.27556274392509
0.6855300000000001,6.275580600333893
0.68562,6.275594768831238
0.68571,6.275597657031382
0.6858000000000001,6.275585270127986
0.68589,6.275608689315292
0.68598,6.275645896638006
0.6860700000000001,6.27565164335808
0.68616,6.275675162359127
0.68625,6.275676108587854
0.6863400000000001,6.275684413082498
0.6864300000000001,6.275716118949422
0.68652,6.275713527753028
0.68661,6.275741867695773
0.6867000000000001,6.2757612898565265
0.68679,6.275758153567554
0.68688,6.275786377873276
0.6869700000000001,6.275820842454783
0.68706,6.275838511160604
0.68715,6.2758449697411125
0.6872400000000001,6.275857595810132
0.68733,6.275877321561185
0.68742,6.2758922000978465
0.6875100000000001,6.275908629659754
0.6876,6.275932251144905
0.68769,6.275953375204503
0.6877800000000001,6.275971827930969
0.6878700000000001,6.275981675647101
0.68796,6.275987633428238
0.68805,6.2759991374644315
0.6881400000000001,6.276009617638159
0.68823,6.276038457475657
0.68832,6.276067188244909
0.6884100000000001,6.276076362293755
0.6885,6.276095732489086
0.68859,6.27611910969273
0.6886800000000001,6.276133030628545
0.68877,6.276140833232156
0.68886,6.276157580476171
0.6889500000000001,6.276177761972678
0.6890400000000001,6.276189467228845
0.68913,6.27620518578389
0.68922,6.276232980371007
0.6893100000000001,6.276237501783992
0.6894,6.276251760231752
0.68949,6.276278131209304
0.6895800000000001,6.276293514021926
0.68967,6.276301933852905
0.68976,6.276327328392504
0.6898500000000001,6.2763578570504
0.68994,6.276362864078389
0.69003,6.276357818127099
0.6901200000000001,6.276429016605282
0.69021,6.276431710657236
0.6903,6.276395457983044
0.6903900000000001,6.2764539984096945
0.6904800000000001,6.276499088554389
0.69057,6.276487350194636
0.69066,6.276483310807631
0.6907500000000001,6.276519896979302
0.69084,6.276533495563008
0.69093,6.276541962343276
0.6910200000000001,6.27657381795787
0.69111,6.2765968816143936
0.6912,6.2765839950897355
0.6912900000000001,6.276630031707245
0.69138,6.276643376060087
0.69147,6.276630230059492
0.6915600000000001,6.276660951955298
0.6916500000000001,6.276682909272809
0.69174,6.27670171569601
0.6918300000000001,6.276721374006789
0.6919200000000001,6.276740783251864
0.69201,6.276762300728291
0.6921,6.276771649656122
0.6921900000000001,6.276782030275205
0.69228,6.276808715714648
0.69237,6.276837336913763
0.6924600000000001,6.276832349948255
0.69255,6.276842569028668
0.69264,6.276876293300274
0.6927300000000001,6.276900289931845
0.69282,6.276908859593112
0.69291,6.276922634799341
0.6930000000000001,6.276936978595569
0.6930900000000001,6.276950473697709
0.69318,6.276974641042561
0.69327,6.276988295136893
0.6933600000000001,6.27699360634653
0.69345,6.277007901239994
0.69354,6.277034358054425
0.6936300000000001,6.2770487351756925
0.69372,6.277056271994149
0.69381,6.277068722995376
0.6939000000000001,6.277086695537076
0.69399,6.277104141370962
0.69408,6.277132922735498
0.6941700000000001,6.277155713399461
0.69426,6.277157205876603
0.69435,6.277155491367758
0.6944400000000001,6.2771834388882635
0.6945300000000001,6.277203370413352
0.69462,6.2772141222258515
0.69471,6.277236482013332
0.6948000000000001,6.277241834733123
0.69489,6.277269323193041
0.69498,6.27729391168443
0.6950700000000001,6.277301251175601
0.69516,6.277335428387651
0.69525,6.277336226727276
0.6953400000000001,6.277345609737951
0.69543,6.277371673606032
0.69552,6.277368933885693
0.6956100000000001,6.277391583429702
0.6957000000000001,6.277407681326818
0.69579,6.2774138678841975
0.69588,6.277433583794777
0.6959700000000001,6.277450233073193
0.69606,6.277472207199722
0.69615,6.277482464763633
0.6962400000000001,6.277478357073875
0.69633,6.2774920664452605
0.69642,6.277520254797634
0.6965100000000001,6.277538560119939
0.6966,6.277547179137007
0.69669,6.2775650322514736
0.6967800000000001,6.277584843938969
0.69687,6.277599801664888
0.69696,6.277606518705066
0.6970500000000001,6.277617243769432
0.6971400000000001,6.277651388536421
0.69723,6.277673414917148
0.69732,6.277683085877351
0.6974100000000001,6.277689687286064
0.6975,6.2776969753177925
0.69759,6.27774009354667
0.6976800000000001,6.2777558271525615
0.69777,6.2777439211904555
0.69786,6.277759670684485
0.6979500000000001,6.277775206945266
0.69804,6.277792028631333
0.69813,6.27780733626232
0.6982200000000001,6.277818733539893
0.6983100000000001,6.277833707686078
0.6984,6.2778355025848755
0.69849,6.2778533874659015
0.6985800000000001,6.277877692479337
0.69867,6.277871041273619
0.69876,6.2778988522608605
0.6988500000000001,6.2779178300224965
0.69894,6.2779270859678995
0.69903,6.277959908282826
0.6991200000000001,6.27797450640182
0.69921,6.277975691458984
0.6993,6.277991598655385
0.6993900000000001,6.278027244369996
0.69948,6.278051652354896
0.69957,6.278050729695701
0.6996600000000001,6.278061262147141
0.6997500000000001,6.278089660284426
0.69984,6.2781013803859995
0.69993,6.278103857425343
0.7000200000000001,6.278127606188299
0.70011,6.2781498234075475
0.7002,6.2781493638720125
0.7002900000000001,6.278171717816753
0.70038,6.278187589439304
0.70047,6.2782019868752315
0.7005600000000001,6.278225286704975
0.70065,6.278239431153969
0.70074,6.278253734049685
0.7008300000000001,6.278277992120397
0.7009200000000001,6.278296422469098
0.70101,6.278300876957806
0.7011000000000001,6.278332751505025
0.7011900000000001,6.278350747547929
0.70128,6.278346677212844
0.70137,6.278358590165627
0.7014600000000001,6.278401417422996
0.70155,6.2784190596758975
0.70164,6.278416587990299
0.7017300000000001,6.278428607415498
0.70182,6.2784592381195505
0.70191,6.278481967931664
0.7020000000000001,6.278492611114233
0.70209,6.278517955821903
0.70218,6.278563598632142
0.7022700000000001,6.278574441244771
0.7023600000000001,6.278576690004893
0.70245,6.278592146149214
0.70254,6.278623280687634
0.7026300000000001,6.27866215481859
0.70272,6.278660307948767
0.70281,6.2786610383196555
0.7029000000000001,6.278696146629548
0.70299,6.278724584046023
0.70308,6.2787192996978005
0.7031700000000001,6.278726827293229
0.70326,6.2787534401200515
0.70335,6.278774839614633
0.7034400000000001,6.278807288850305
0.7035300000000001,6.278821295208318
0.70362,6.278827639948696
0.7037100000000001,6.278847366134617
0.7038000000000001,6.27887378440143
0.70389,6.278916649384064
0.70398,6.27892611491267
0.7040700000000001,6.2789284222784145
0.70416,6.2789825651703195
0.70425,6.2789908200474445
0.7043400000000001,6.279013225097269
0.70443,6.279051306091542
0.70452,6.279061619428182
0.7046100000000001,6.279080030395188
0.7047,6.279088032237087
0.70479,6.279110703834668
0.7048800000000001,6.2791513938875765
0.7049700000000001,6.279164384602652
0.70506,6.279175789915561
0.70515,6.279177274215317
0.7052400000000001,6.279194867000884
0.70533,6.279249125407536
0.70542,6.279256511539585
0.7055100000000001,6.279265805193622
0.7056,6.279294528060436
0.70569,6.279318057157825
0.7057800000000001,6.27933811928599
0.70587,6.279349767069955
0.70596,6.279363125934169
0.7060500000000001,6.279383416261585
0.70614,6.279405194566729
0.70623,6.279436729847059
0.7063200000000001,6.279453745950296
0.7064100000000001,6.279469179107647
0.7065,6.279501166075849
0.70659,6.279504410959827
0.7066800000000001,6.279526792616285
0.70677,6.279556272045394
0.70686,6.2795719305081
0.7069500000000001,6.279609270688945
0.70704,6.279625457582217
0.70713,6.2796254987157445
0.7072200000000001,6.279635320554221
0.70731,6.2796590087634465
0.7074,6.279686218840633
0.7074900000000001,6.2797123318482635
0.7075800000000001,6.279729253834433
0.70767,6.279738202203103
0.7077600000000001,6.2797573697448525
0.7078500000000001,6.279764238245166
0.70794,6.279783570364296
0.70803,6.279819613410981
0.7081200000000001,6.279825556745935
0.70821,6.279842779752396
0.7083,6.27985633543872
0.7083900000000001,6.279868549832406
0.70848,6.279907660035618
0.70857,6.279937357878946
0.7086600000000001,6.27995405838369
0.70875,6.279969636823218
0.70884,6.2799925641880945
0.7089300000000001,6.28002003019718
0.7090200000000001,6.280032864321064
0.70911,6.280051957958379
0.7092,6.280081131691029
0.7092900000000001,6.2800912470180945
0.70938,6.280112226120398
0.70947,6.2801182844780685
0.7095600000000001,6.280120193753912
0.70965,6.280155657526127
0.70974,6.280187069730799
0.7098300000000001,6.280210617016799
0.70992,6.280232437965984
0.71001,6.280250847192452
0.7101000000000001,6.28026022241862
0.7101900000000001,6.280266289513422
0.71028,6.280278334316468
0.7103700000000001,6.280308518062399
0.7104600000000001,6.2803492996297345
0.71055,6.280350682651553
0.71064,6.280374250094348
0.7107300000000001,6.2804126491827414
0.71082,6.280417837319902
0.71091,6.280451233324637
0.7110000000000001,6.280469841873022
0.71109,6.280484330597526
0.71118,6.28051866158004
0.7112700000000001,6.280540628124645
0.71136,6.280568383047664
0.71145,6.28059084206884
0.7115400000000001,6.28060619521014
0.7116300000000001,6.280633616770098
0.71172,6.280660244589904
0.71181,6.280680881512474
0.7119000000000001,6.280693756109221
0.71199,6.28070543653292
0.71208,6.280732340554429
0.7121700000000001,6.280758193495263
0.71226,6.280774816240013
0.71235,6.2807925928437225
0.7124400000000001,6.280824438313736
0.71253,6.280858380907508
0.71262,6.280868727890209
0.7127100000000001,6.280881731625899
0.7128000000000001,6.28093270514658
0.71289,6.280958565670655
0.7129800000000001,6.280973255512493
0.7130700000000001,6.280995347945648
0.71316,6.281026403527548
0.71325,6.281068343051254
0.7133400000000001,6.281093935826275
0.71343,6.281116584434638
0.71352,6.281141320005662
0.7136100000000001,6.2811481809578655
0.7137,6.2811745485347945
0.71379,6.281204235778622
0.7138800000000001,6.281231844611754
0.71397,6.281269168983636
0.71406,6.281290626950409
0.7141500000000001,6.281309590010704
0.7142400000000001,6.2813340508248
0.71433,6.281364188006591
0.71442,6.281400660668871
0.7145100000000001,6.281412799052199
0.7146,6.281427094069182
0.71469,6.2814626569301115
0.7147800000000001,6.281496771989181
0.71487,6.2815300094458655
0.71496,6.281544256809252
0.7150500000000001,6.281553746848581
0.71514,6.2815867272011685
0.71523,6.281625439556851
0.7153200000000001,6.281657476906074
0.71541,6.2816810562214505
0.7155,6.281699196528345
0.7155900000000001,6.281717020118222
0.7156800000000001,6.28174527501424
0.71577,6.281774006158527
0.71586,6.281803613948089
0.7159500000000001,6.281841208246491
0.71604,6.281860854153937
0.71613,6.281890749748054
0.7162200000000001,6.281922895891438
0.71631,6.281933682327323
0.7164,6.281953346076255
0.7164900000000001,6.281977156188215
0.71658,6.28200471362449
0.71667,6.282034548056925
0.7167600000000001,6.2820561280478
0.7168500000000001,6.28207713648553
0.71694,6.282098021043857
0.7170300000000001,6.2821179501814
0.7171200000000001,6.282143289942028
0.71721,6.282181471086924
0.7173,6.282209645378203
0.7173900000000001,6.282220644991119
0.71748,6.282232297488278
0.71757,6.282258636942355
0.7176600000000001,6.282275427878418
0.71775,6.282296343105751
0.71784,6.282328779247081
0.7179300000000001,6.282351549087776
0.71802,6.282380309444454
0.71811,6.282382794474381
0.7182000000000001,6.282393569884554
0.7182900000000001,6.282451464124934
0.71838,6.282454443720223
0.71847,6.282471229636945
0.7185600000000001,6.282501245411585
0.71865,6.2825105504637015
0.71874,6.2825408566193905
0.7188300000000001,6.282555962055825
0.71892,6.2825684576188126
0.71901,6.282590173991795
0.7191000000000001,6.282607842923694
0.71919,6.282651236402211
0.71928,6.282675220713707
0.7193700000000001,6.2826714354806406
0.7194600000000001,6.282680767021191
0.71955,6.282709000499922
0.7196400000000001,6.282732632018183
0.7197300000000001,6.282745638911254
0.71982,6.282758682085196
0.71991,6.282779497019819
0.7200000000000001,6.282806939092426
0.72009,6.282830464531901
0.72018,6.282850434049224
0.7202700000000001,6.282876595659517
0.72036,6.282899569986783
0.72045,6.282899501907745
0.7205400000000001,6.282902696655574
0.72063,6.282934681503017
0.72072,6.282958057327894
0.7208100000000001,6.282986628943242
0.7209000000000001,6.2830076060992
0.72099,6.283015800462548
0.72108,6.283036548546299
0.7211700000000001,6.283049478372069
0.72126,6.283073237571594
0.72135,6.283103898386027
0.7214400000000001,6.2831203887404
0.72153,6.283153676656567
0.72162,6.283157248952256
0.7217100000000001,6.2831628766534635
0.7218,6.283203964907173
0.72189,6.283208955738221
0.7219800000000001,6.283231354381799
0.7220700000000001,6.283252393114704
0.72216,6.283265204267111
0.7222500000000001,6.283310531834706
0.7223400000000001,6.28331343002464
0.72243,6.2833184127970565
0.72252,6.283342903931247
0.7226100000000001,6.283358356370185
0.7227,6.283401524434451
0.72279,6.2834232124311935
0.7228800000000001,6.283419153100583
0.72297,6.28342928433509
0.72306,6.283465751685006
0.7231500000000001,6.283503006393008
0.72324,6.283520149568839
0.72333,6.283528275076025
0.7234200000000001,6.283553805193466
0.7235100000000001,6.283585357372516
0.7236,6.283604740963351
0.72369,6.283618562802449
0.7237800000000001,6.283638632964408
0.72387,6.283652247564076
0.72396,6.283681972635761
0.7240500000000001,6.283710581201823
0.72414,6.283726679052113
0.72423,6.283757241658104
0.7243200000000001,6.283769383888482
0.72441,6.283790007825705
0.7245,6.2838200399578215
0.7245900000000001,6.283827182658001
0.72468,6.283854930563157
0.72477,6.283878570750637
0.7248600000000001,6.283890928095406
0.7249500000000001,6.283920639012467
0.72504,6.283971469367664
0.72513,6.2839817758545315
0.7252200000000001,6.283975851263953
0.72531,6.283997354115155
0.7254,6.284031397528687
0.7254900000000001,6.284070568572014
0.72558,6.284088428526438
0.72567,6.284103415996233
0.7257600000000001,6.284145550216985
0.72585,6.28416022523207
0.72594,6.284171781614522
0.7260300000000001,6.284195233327495
0.7261200000000001,6.284221532634637
0.72621,6.284252536903229
0.7263000000000001,6.284280899909933
0.7263900000000001,6.284293768477598
0.72648,6.284308906187484
0.72657,6.284353087589709
0.7266600000000001,6.284373844951073
0.72675,6.284381901707322
0.72684,6.284405293485313
0.7269300000000001,6.284442001798187
0.72702,6.284464890428047
0.72711,6.2844691509072605
0.7272000000000001,6.284493724757552
0.72729,6.284536738381906
0.72738,6.284535462542754
0.7274700000000001,6.284565129215751
0.7275600000000001,6.284599767328524
0.72765,6.284609263444106
0.72774,6.284632109888248
0.7278300000000001,6.284668452929692
0.72792,6.284684243838112
0.72801,6.284701879128021
0.7281000000000001,6.284745190151604
0.72819,6.284751442870731
0.72828,6.284769726584732
0.7283700000000001,6.284796307916486
0.72846,6.284818980885248
0.72855,6.284868094235424
0.7286400000000001,6.284881708153884
0.7287300000000001,6.284888210353895
0.72882,6.284910870406453
0.7289100000000001,6.284928559903385
0.7290000000000001,6.284965785448032
0.72909,6.285001670158136
0.72918,6.285024426942792
0.7292700000000001,6.285038897477263
0.72936,6.285044059634325
0.72945,6.285065687970274
0.7295400000000001,6.285100837387845
0.72963,6.28512233676151
0.72972,6.2851234268894265
0.7298100000000001,6.285155162737501
0.7299,6.285196942776623
0.72999,6.285228118419569
0.7300800000000001,6.2852570018835445
0.7301700000000001,6.285272560111238
0.73026,6.285283828773433
0.73035,6.285294762837606
0.7304400000000001,6.2853075391173805
0.73053,6.285335632790625
0.73062,6.285380011320676
0.7307100000000001,6.285408065361454
0.7308,6.285414769281576
0.73089,6.285436773366838
0.7309800000000001,6.285469308304631
0.73107,6.285502282408439
0.73116,6.285519530944096
0.7312500000000001,6.285524874019829
0.7313400000000001,6.285557779205153
0.73143,6.2855694513622415
0.7315200000000001,6.2855810274974875
0.7316100000000001,6.285621301596542
0.7317,6.285646537303979
0.73179,6.285692963889037
0.7318800000000001,6.285705198663291
0.73197,6.285687613167732
0.73206,6.285722178335281
0.7321500000000001,6.285746150826539
0.73224,6.285784266602766
0.73233,6.285820992045249
0.7324200000000001,6.28582064761649
0.73251,6.285838820795188
0.7326,6.285867802636204
0.7326900000000001,6.285886394555292
0.7327800000000001,6.28590566903329
0.73287,6.285950563725027
0.7329600000000001,6.285972858169531
0.7330500000000001,6.285970304266402
0.73314,6.285984152433313
0.73323,6.286039381753382
0.7333200000000001,6.286092412635123
0.73341,6.2861131709809
0.7335,6.286111742008777
0.7335900000000001,6.286115241624561
0.73368,6.286134398170759
0.73377,6.286172616219244
0.7338600000000001,6.286195998405637
0.73395,6.286212675389346
0.73404,6.286266945496757
0.7341300000000001,6.286273947942966
0.7342200000000001,6.286280858973597
0.73431,6.286314643834825
0.7344,6.286338210124101
0.7344900000000001,6.286371091922377
0.73458,6.286379962007261
0.73467,6.286391605700934
0.7347600000000001,6.286433152259089
0.73485,6.286449826528071
0.73494,6.2864623291945065
0.7350300000000001,6.286501848618563
0.73512,6.2865445474615935
0.73521,6.286547482490826
0.7353000000000001,6.286570982053702
0.7353900000000001,6.286596743002878
0.73548,6.286606264958248
0.7355700000000001,6.286624517913636
0.7356600000000001,6.286669431384313
0.73575,6.286691101287335
0.73584,6.286712005291072
0.7359300000000001,6.286746032367551
0.73602,6.286738557127335
0.73611,6.286781699805514
0.7362000000000001,6.286824130827512
0.73629,6.286831219235883
0.73638,6.286860441762541
0.7364700000000001,6.286878986896539
0.73656,6.286897015463187
0.73665,6.286918015070661
0.7367400000000001,6.2869405391474125
0.7368300000000001,6.286985788427926
0.73692,6.287000192524134
0.73701,6.286993187321158
0.7371000000000001,6.287011615372446
0.73719,6.287058896101145
0.73728,6.287093947265784
0.7373700000000001,6.287121064010764
0.73746,6.287142190911883
0.73755,6.28715039842947
0.7376400000000001,6.28717912474555
0.73773,6.28719126773343
0.73782,6.28721132557459
0.7379100000000001,6.287266126878771
0.7380000000000001,6.287285484012153
0.73809,6.287309166037521
0.7381800000000001,6.287326988639416
0.7382700000000001,6.28733678656646
0.73836,6.287377982227017
0.73845,6.287393748749964
0.7385400000000001,6.287409879786402
0.73863,6.287446672206299
0.73872,6.287475254837864
0.7388100000000001,6.287483058378891
0.7389,6.287497808772989
0.73899,6.287520684587008
0.7390800000000001,6.287550349358344
0.73917,6.287603180113294
0.73926,6.287606008435353
0.7393500000000001,6.287607540561774
0.7394400000000001,6.287643681323921
0.73953,6.287661078562152
0.73962,6.287682216237607
0.7397100000000001,6.287707836446962
0.7398,6.287740174914066
0.73989,6.287773970873363
0.7399800000000001,6.28777738656426
0.74007,6.287811787501833
0.74016,6.287852276109261
0.7402500000000001,6.287858683023639
0.74034,6.287878472563423
0.74043,6.287907748070836
0.7405200000000001,6.287937962916941
0.7406100000000001,6.287961803734117
0.7407,6.287975118061248
0.7407900000000001,6.28799004345165
0.7408800000000001,6.288008733074174
0.74097,6.288039424544755
0.74106,6.288078172444944
0.7411500000000001,6.288094945141268
0.74124,6.288121008376098
0.74133,6.288138615842044
0.7414200000000001,6.288142394534532
0.74151,6.2881773831332595
0.7416,6.288200074010142
0.7416900000000001,6.28822792147163
0.74178,6.288265113992361
0.74187,6.288276175904919
0.7419600000000001,6.288272579996989
0.7420500000000001,6.288299797948567
0.74214,6.288336580679987
0.7422300000000001,6.288351833570177
0.7423200000000001,6.2883843423080465
0.74241,6.288392584859714
0.7425,6.288399759323115
0.7425900000000001,6.28843442272457
0.74268,6.288463221282066
0.74277,6.288468747422294
0.7428600000000001,6.288497970725872
0.74295,6.28854035927365
0.74304,6.288547707182473
0.7431300000000001,6.2885649096747285
0.74322,6.288587693261862
0.74331,6.288610110914852
0.7434000000000001,6.288635116598787
0.7434900000000001,6.288655932332636
0.74358,6.288668175862341
0.74367,6.288702126358635
0.7437600000000001,6.288739741670923
0.74385,6.28873036178356
0.74394,6.288746065553855
0.7440300000000001,6.288769100216818
0.74412,6.288777015795086
0.74421,6.288788891686944
0.7443000000000001,6.288820255054558
0.74439,6.288855258776688
0.74448,6.288885306467009
0.7445700000000001,6.288910528198853
0.7446600000000001,6.2889267740486
0.74475,6.288932696431381
0.7448400000000001,6.2889370662376205
0.7449300000000001,6.28896381583347
0.74502,6.289017097287829
0.74511,6.289035291690855
0.7452000000000001,6.289036045541211
0.74529,6.289048722453559
0.74538,6.289070909226562
0.7454700000000001,6.289087181486489
0.74556,6.2891140053430705
0.74565,6.289139070301057
0.7457400000000001,6.289152412180339
0.74583,6.289172163052061
0.74592,6.289187438562246
0.7460100000000001,6.289218697129656
0.7461000000000001,6.28925106525082
0.74619,6.289251322911637
0.74628,6.28926923556643
0.7463700000000001,6.289308769384237
0.74646,6.2893328423702535
0.74655,6.2893359959859945
0.7466400000000001,6.289371142842622
0.74673,6.289396719698741
0.74682,6.289396622687456
0.7469100000000001,6.289400455206335
0.747,6.289433220733578
0.74709,6.2894585926705275
0.7471800000000001,6.2894780530504075
0.7472700000000001,6.289504655808574
0.74736,6.289527134174647
0.7474500000000001,6.289521549270873
0.7475400000000001,6.289541740050696
0.74763,6.289574242635593
0.74772,6.289590322954684
0.7478100000000001,6.289626443572845
0.7479,6.2896386203196775
0.74799,6.2896598046096654
0.7480800000000001,6.28969389466146
0.74817,6.28969585929878
0.74826,6.289742775554541
0.7483500000000001,6.28975798768202
0.74844,6.289750752370712
0.74853,6.289789974008037
0.7486200000000001,6.289797734356423
0.7487100000000001,6.289829299820457
0.7488,6.2898674083198705
0.7488900000000001,6.289874529515306
0.7489800000000001,6.289894952316571
0.74907,6.289924926991801
0.74916,6.289937869184116
0.7492500000000001,6.289948204940378
0.74934,6.289990475477797
0.74943,6.290023903064675
0.7495200000000001,6.290044375393803
0.74961,6.290055681923844
0.7497,6.290063279815672
0.7497900000000001,6.290088402834552
0.7498800000000001,6.290127348741385
0.74997,6.290150587500573
0.7500600000000001,6.290159850260992
0.7501500000000001,6.290192377555771
0.75024,6.2902122700551155
0.75033,6.290219652490516
0.7504200000000001,6.290247085915751
0.75051,6.290299548090677
0.7506,6.290315608713288
0.7506900000000001,6.290316221733525
0.75078,6.290345560254749
0.75087,6.290395702541412
0.7509600000000001,6.29040793972096
0.75105,6.290420685828233
0.75114,6.290446206615595
0.7512300000000001,6.290474318513855
0.7513200000000001,6.290503030230153
0.75141,6.290521241184173
0.7515000000000001,6.290545677532166
0.7515900000000001,6.290571338555957
0.75168,6.290581933870586
0.75177,6.290604997748229
0.7518600000000001,6.290635992166909
0.75195,6.290659020454013
0.75204,6.290680545164165
0.7521300000000001,6.290722334231649
0.75222,6.2907433925312946
0.75231,6.29076388987048
0.7524000000000001,6.290786674096355
0.75249,6.290784434433298
0.75258,6.290826030082134
0.7526700000000001,6.29085559217221
0.7527600000000001,6.290857092591711
0.75285,6.290880728884799
0.75294,6.290920192494697
0.7530300000000001,6.290941815718082
0.75312,6.290957001518762
0.75321,6.290980980677458
0.7533000000000001,6.290994548270423
0.75339,6.291019457641538
0.75348,6.291049841423034
0.7535700000000001,6.291070325703867
0.75366,6.2910857751957945
0.75375,6.291117650987497
0.7538400000000001,6.291154419717316
0.7539300000000001,6.291169769074054
0.75402,6.291169399747392
0.7541100000000001,6.291202502553692
0.7542000000000001,6.2912451618191705
0.75429,6.291269709431488
0.75438,6.29127984457327
0.7544700000000001,6.29129541470845
0.75456,6.291305996947832
0.75465,6.291326861780922
0.7547400000000001,6.291359009309548
0.75483,6.291382004346631
0.75492,6.291398477445346
0.7550100000000001,6.291412456158669
0.7551,6.291437188734788
0.75519,6.291470971290823
0.7552800000000001,6.291486580767514
0.7553700000000001,6.291507803900239
0.75546,6.291526798066589
0.75555,6.29153685529669
0.7556400000000001,6.291561589902523
0.75573,6.291600201670339
0.75582,6.291615965554401
0.7559100000000001,6.291621538719329
0.756,6.291653872625212
0.75609,6.2916760206251885
0.7561800000000001,6.291684157105523
0.75627,6.291700017878184
0.75636,6.291734265540538
0.7564500000000001,6.291764557042926
0.7565400000000001,6.291767876843084
0.75663,6.291786993830264
0.7567200000000001,6.291829959298882
0.7568100000000001,6.291849058394152
0.7569,6.291870092205318
0.75699,6.29187998846618
0.7570800000000001,6.291895205565291
0.75717,6.291935546354418
0.75726,6.291951087855075
0.7573500000000001,6.291965174551427
0.75744,6.2919861456799975
0.75753,6.292006552920881
0.7576200000000001,6.292030055973471
0.75771,6.2920425228185834
0.7578,6.292065543963009
0.7578900000000001,6.2921067776237205
0.7579800000000001,6.292134920531909
0.75807,6.292129889610343
0.7581600000000001,6.292138394924063
0.7582500000000001,6.292178120400529
0.75834,6.292220158420779
0.75843,6.2922434354603
0.7585200000000001,6.292263794027067
0.75861,6.292288955703419
0.7587,6.292310136018541
0.7587900000000001,6.292322105788392
0.75888,6.292346058195095
0.75897,6.292366997980276
0.7590600000000001,6.2923907107997445
0.7591500000000001,6.2924307198737415
0.75924,6.292437585306394
0.7593300000000001,6.292450879618211
0.7594200000000001,6.292483206354031
0.75951,6.292514966955129
0.7596,6.292546682134973
0.7596900000000001,6.292550909012189
0.75978,6.292567012162553
0.75987,6.292612694520257
0.7599600000000001,6.292640491210286
0.76005,6.292659632403533
0.76014,6.292677113791717
0.7602300000000001,6.292700664360799
0.76032,6.292731758731364
0.76041,6.292752385666506
0.7605000000000001,6.292781456628743
0.7605900000000001,6.292810898869635
0.76068,6.292825568753429
0.7607700000000001,6.292843180946678
0.7608600000000001,6.292870435772469
0.76095,6.292899387072006
0.76104,6.2929232603793075
0.7611300000000001,6.292946049416177
0.76122,6.292974439280708
0.76131,6.293001628790352
0.7614000000000001,6.293025777506758
0.76149,6.293052794920381
0.76158,6.293082488908739
0.7616700000000001,6.293105333110591
0.76176,6.293125039927402
0.76185,6.29314690924508
0.7619400000000001,6.293167196694978
0.7620300000000001,6.293195392855545
0.76212,6.293221876573679
0.76221,6.293239602653213
0.7623000000000001,6.293258558319042
0.76239,6.2932888473921595
0.76248,6.293321437956939
0.7625700000000001,6.293349606986681
0.76266,6.293373484835859
0.76275,6.29339297806383
0.7628400000000001,6.293416271768119
0.76293,6.2934451957722395
0.76302,6.293473963650305
0.7631100000000001,6.293495857848672
0.7632000000000001,6.293511171881134
0.76329,6.293529941619968
0.7633800000000001,6.293561517229392
0.7634700000000001,6.293594675713795
0.76356,6.29359746969926
0.76365,6.293615187575934
0.7637400000000001,6.2936491299608015
0.76383,6.293674069356925
0.76392,6.293707130224285
0.7640100000000001,6.293731138264036
0.7641,6.29374716858503
0.76419,6.293762705683203
0.7642800000000001,6.29378246282595
0.76437,6.293830062655747
0.76446,6.293856224659197
0.7645500000000001,6.293857082801653
0.7646400000000001,6.293878345515939
0.76473,6.293906966522445
0.76482,6.293924191557626
0.7649100000000001,6.293945066260135
0.765,6.293974197282309
0.76509,6.293981851328458
0.7651800000000001,6.294004842384364
0.76527,6.294027674063969
0.76536,6.2940515156991825
0.7654500000000001,6.294099360763504
0.76554,6.294100300682141
0.76563,6.294103573013075
0.7657200000000001,6.29412399916796
0.7658100000000001,6.294138822224055
0.7659,6.294187507004729
0.7659900000000001,6.2942079517972145
0.7660800000000001,6.2942198336123365
0.76617,6.294248513267719
0.76626,6.294248510873513
0.7663500000000001,6.294279085431867
0.76644,6.294300314233047
0.76653,6.2943043962405225
0.7666200000000001,6.294342153995741
0.76671,6.294361866680311
0.7668,6.294378645712082
0.7668900000000001,6.294394826981287
0.76698,6.294403046098993
0.76707,6.294433679767451
0.7671600000000001,6.2944657595339395
0.7672500000000001,6.294480816486571
0.76734,6.294493886908165
0.7674300000000001,6.294529589278445
0.7675200000000001,6.2945537023950715
0.76761,6.294561075111408
0.7677,6.294567729580584
0.7677900000000001,6.294585972018658
0.76788,6.294614609385764
0.76797,6.294644312544456
0.7680600000000001,6.294661006638948
0.76815,6.294665796904512
0.76824,6.294681856196146
0.7683300000000001,6.2947048040196085
0.7684200000000001,6.294715159321718
0.76851,6.2947353359261395
0.7686000000000001,6.294793597226593
0.7686900000000001,6.294792488223834
0.76878,6.294793232940068
0.76887,6.2948289606680925
0.7689600000000001,6.294853029108757
0.76905,6.29487065967489
0.76914,6.294890084776987
0.7692300000000001,6.294902417929502
0.76932,6.294912689716057
0.76941,6.294947304529847
0.7695000000000001,6.294971774663535
0.76959,6.294991295658943
0.76968,6.295019351657986
0.7697700000000001,6.295039249353795
0.7698600000000001,6.295031736673469
0.76995,6.295036968752443
0.7700400000000001,6.295071461203761
0.7701300000000001,6.295107719088733
0.77022,6.295125459134717
0.77031,6.295144783022307
0.7704000000000001,6.29516867225432
0.77049,6.295190594314047
0.77058,6.29521492352031
0.7706700000000001,6.295234385951848
0.77076,6.295248506659309
0.77085,6.295265783123858
0.7709400000000001,6.295291699528809
0.77103,6.295314754786754
0.77112,6.295330766189201
0.7712100000000001,6.295348754220447
0.7713000000000001,6.295371713061898
0.77139,6.295384717251568
0.77148,6.2954016347503385
0.7715700000000001,6.295431988671968
0.77166,6.295464306062296
0.77175,6.295480925660617
0.7718400000000001,6.2954978485097195
0.77193,6.295527615173785
0.77202,6.29556247023629
0.7721100000000001,6.295585086448229
0.7722,6.29559328818276
0.77229,6.295593309461554
0.7723800000000001,6.295619516557433
0.7724700000000001,6.295672585641154
0.77256,6.2956889300807015
0.7726500000000001,6.295700104152658
0.7727400000000001,6.295710894718373
0.77283,6.295726557812092
0.77292,6.295766606445595
0.7730100000000001,6.29578858508352
0.7731,6.295805751233841
0.77319,6.295835078374727
0.7732800000000001,6.295864704631399
0.77337,6.295880385228221
0.77346,6.295899072252925
0.7735500000000001,6.295931828455816
0.77364,6.295955709219633
0.77373,6.295945733786048
0.7738200000000001,6.295981399971468
0.7739100000000001,6.29604191236889
0.774,6.2960685660427576
0.7740900000000001,6.296061883657519
0.7741800000000001,6.296074546604978
0.77427,6.296099696573101
0.77436,6.296130466196061
0.7744500000000001,6.296166747618748
0.77454,6.296185230404013
0.77463,6.296208306294791
0.7747200000000001,6.296226726102813
0.77481,6.296239236381039
0.7749,6.2962770977921645
0.7749900000000001,6.2963005802622725
0.7750800000000001,6.296321353150262
0.77517,6.296354573661705
0.7752600000000001,6.296381663229385
0.7753500000000001,6.2963909735794585
0.77544,6.296413827345308
0.77553,6.296438752060158
0.7756200000000001,6.296451678748709
0.77571,6.296494838259882
0.7758,6.296513132466902
0.7758900000000001,6.2965327110989255
0.77598,6.296565101623534
0.77607,6.29656154226045
0.7761600000000001,6.296607708906781
0.77625,6.2966424488752555
0.77634,6.296647612731796
0.7764300000000001,6.2966816715671525
0.7765200000000001,6.2967016842855985
0.77661,6.296719606805089
0.7767000000000001,6.296741044039472
0.7767900000000001,6.296762635441569
0.77688,6.296794095056273
0.77697,6.2968085808010335
0.7770600000000001,6.296832731999487
0.77715,6.296870865021741
0.77724,6.296882288405789
0.7773300000000001,6.296902679155905
0.77742,6.296941133425773
0.77751,6.296969910935644
0.7776000000000001,6.296974315856159
0.7776900000000001,6.296994970663658
0.77778,6.297030328611782
0.7778700000000001,6.297061728504405
0.7779600000000001,6.297080446649157
0.77805,6.297096103359199
0.77814,6.297121603356735
0.7782300000000001,6.297151351200582
0.77832,6.297170750029324
0.77841,6.297182061802772
0.7785000000000001,6.297217607473708
0.77859,6.297251412558536
0.77868,6.297266056859364
0.7787700000000001,6.297280884274066
0.77886,6.29731397372258
0.77895,6.297326570236066
0.7790400000000001,6.297349422047611
0.7791300000000001,6.297398178541983
0.77922,6.297411751612884
0.7793100000000001,6.297417537165429
0.7794000000000001,6.297436161731818
0.77949,6.297463756364092
0.77958,6.2974950417950355
0.7796700000000001,6.2975407675462485
0.77976,6.297563038013919
0.77985,6.297557706622577
0.7799400000000001,6.297565641362114
0.78003,6.297612105304117
0.78012,6.297649742881521
0.7802100000000001,6.297661106268817
0.7803000000000001,6.297675705114293
0.78039,6.297718465372396
0.7804800000000001,6.29774281074932
0.7805700000000001,6.297755304092795
0.78066,6.297779226811278
0.78075,6.297811201257148
0.7808400000000001,6.297830019843173
0.78093,6.297856488880477
0.78102,6.297881164021285
0.7811100000000001,6.297897710657243
0.7812,6.297936379951087
0.78129,6.297939587182156
0.7813800000000001,6.297950215035089
0.78147,6.297992379086482
0.78156,6.298013856373025
0.7816500000000001,6.298050176901403
0.7817400000000001,6.298069776812422
0.78183,6.2980759012255785
0.7819200000000001,6.298104316052237
0.7820100000000001,6.298128192492716
0.7821,6.298156296385704
0.78219,6.2981844736613715
0.7822800000000001,6.2981999564604605
0.78237,6.2982111472165
0.78246,6.298240813546064
0.7825500000000001,6.29828184454059
0.78264,6.298307376005726
0.78273,6.298309297340147
0.7828200000000001,6.2983274792531825
0.78291,6.298363589562889
0.783,6.298398681035704
0.7830900000000001,6.298423049057259
0.7831800000000001,6.298444316791545
0.78327,6.298455183802357
0.7833600000000001,6.2984712971785255
0.7834500000000001,6.298503415800366
0.78354,6.298535483810593
0.78363,6.298569559621529
0.7837200000000001,6.298586880585812
0.78381,6.2985964070844584
0.7839,6.298623345264594
0.7839900000000001,6.298641320058645
0.78408,6.29868916873645
0.78417,6.2987207421603
0.7842600000000001,6.298701702033761
0.7843500000000001,6.298736898081108
0.78444,6.298764024912283
0.7845300000000001,6.298784567808487
0.7846200000000001,6.2988187713459265
0.78471,6.298837246203951
0.7848,6.298859897146571
0.7848900000000001,6.298879056717067
0.78498,6.298902650341001
0.78507,6.298939588336178
0.7851600000000001,6.298946673418412
0.78525,6.298973330746341
0.78534,6.299009592792076
0.7854300000000001,6.299029290124636
0.78552,6.299072426452508
0.78561,6.299094698543328
0.7857000000000001,6.299107001574622
0.7857900000000001,6.299132939830057
0.78588,6.299158674464786
0.7859700000000001,6.29917881032512
0.7860600000000001,6.299205199574643
0.78615,6.299241520674496
0.78624,6.29927187778987
0.7863300000000001,6.299280638831886
0.78642,6.299305493340239
0.78651,6.299336726133191
0.7866000000000001,6.299353764808244
0.78669,6.299380034349624
0.78678,6.299408253240638
0.7868700000000001,6.299429047793671
0.7869600000000001,6.299450167640277
0.78705,6.299479944060208
0.7871400000000001,6.2994941254530135
0.7872300000000001,6.299509671106089
0.78732,6.299540802976117
0.78741,6.299577975655925
0.7875000000000001,6.299606397647284
0.78759,6.299630986565146
0.78768,6.299654276726917
0.7877700000000001,6.299680356715158
0.78786,6.299714492219817
0.78795,6.299737875214324
0.7880400000000001,6.2997620946488135
0.78813,6.299789666934095
0.78822,6.2998077408985
0.7883100000000001,6.299832369914335
0.7884000000000001,6.299866247501748
0.78849,6.2998867419026
0.7885800000000001,6.299892018500188
0.7886700000000001,6.2999236188853835
0.78876,6.299948457654942
0.78885,6.299985820162529
0.7889400000000001,6.300028253264906
0.78903,6.300022635948001
0.78912,6.300046381227658
0.7892100000000001,6.300075024150558
0.7893,6.300082882335655
0.78939,6.300101826100671
0.7894800000000001,6.300151241879331
0.7895700000000001,6.30018717387652
0.78966,6.300196412548457
0.7897500000000001,6.300213429250489
0.7898400000000001,6.30025948477968
0.78993,6.300267676216432
0.7900200000000001,6.300292393635511
0.7901100000000001,6.300342076797884
0.7902,6.300339271250577
0.79029,6.3003748059911775
0.7903800000000001,6.300388886178578
0.79047,6.300392180181865
0.79056,6.3004480478723455
0.7906500000000001,6.300472284169941
0.79074,6.300491114613953
0.79083,6.300509573231423
0.7909200000000001,6.300521876789728
0.7910100000000001,6.300557950946693
0.7911,6.300599149249906
0.7911900000000001,6.300612636775296
0.7912800000000001,6.300612597204865
0.79137,6.300639763969487
0.79146,6.300665518285252
0.7915500000000001,6.300679372315241
0.79164,6.300697101014055
0.79173,6.300733037200903
0.7918200000000001,6.300773710712471
0.79191,6.300800951344332
0.792,6.300819011938064
0.7920900000000001,6.30083512012738
0.79218,6.300844473360789
0.79227,6.3008585338464895
0.7923600000000001,6.30089217726844
0.7924500000000001,6.3009295719890215
0.79254,6.3009474839414805
0.7926300000000001,6.3009725429023
0.7927200000000001,6.300983725769365
0.79281,6.300991972606987
0.7929,6.301021931280282
0.7929900000000001,6.301051435291262
0.79308,6.301070631792223
0.79317,6.3010900141417645
0.7932600000000001,6.301118048106546
0.79335,6.301145121679672
0.79344,6.301157818788338
0.7935300000000001,6.301174110905165
0.7936200000000001,6.30120619049291
0.79371,6.301237600459004
0.7938000000000001,6.301247388589478
0.7938900000000001,6.301279508708532
0.79398,6.301310570121553
0.79407,6.301317873259795
0.7941600000000001,6.301358601634702
0.79425,6.301384886563826
0.79434,6.301404129751946
0.7944300000000001,6.3014266467389435
0.79452,6.301431379696358
0.79461,6.301451549113295
0.7947000000000001,6.301477330631878
0.79479,6.3015078091112455
0.79488,6.301547235730476
0.7949700000000001,6.301563082454308
0.7950600000000001,6.301574328384027
0.79515,6.301597604968625
0.7952400000000001,6.301628336184225
0.7953300000000001,6.301654595029212
0.79542,6.30167611884575
0.79551,6.301687080166614
0.7956000000000001,6.301704470275315
0.79569,6.301748561994228
0.79578,6.301779104310892
0.7958700000000001,6.301806226014914
0.79596,6.301828783286919
0.79605,6.301838841237393
0.7961400000000001,6.301861546266066
0.7962300000000001,6.301881064335471
0.79632,6.301915902671408
0.7964100000000001,6.30195783864928
0.7965000000000001,6.301959186494057
0.79659,6.3019891584053
0.79668,6.302023067977867
0.7967700000000001,6.30204732077377
0.79686,6.302085989147937
0.79695,6.302093986511281
0.7970400000000001,6.30210007975759
0.79713,6.302125660268633
0.79722,6.30216520951209
0.7973100000000001,6.30221113809959
0.7974,6.3022283792818
0.79749,6.302242256197818
0.7975800000000001,6.302271214992051
0.7976700000000001,6.302288957267236
0.79776,6.30231666433519
0.7978500000000001,6.302348551445418
0.7979400000000001,6.302379279780832
0.79803,6.302410720321275
0.79812,6.302429599746212
0.7982100000000001,6.302450131548588
0.7983,6.3024805984350865
0.79839,6.302513636071098
0.7984800000000001,6.302537795165
0.79857,6.302550692283044
0.79866,6.302567752051867
0.7987500000000001,6.302596819253876
0.7988400000000001,6.302630859681585
0.79893,6.302672491459725
0.7990200000000001,6.3027014172013365
0.7991100000000001,6.3027204482434485
0.7992,6.302747884820828
0.7992900000000001,6.302772421949367
0.7993800000000001,6.302788387862499
0.79947,6.302804627917488
0.79956,6.302835247203595
0.7996500000000001,6.302880202934053
0.79974,6.302909451965988
0.79983,6.302923557485491
0.7999200000000001,6.302943736978289
0.80001,6.302978740592353
0.8001,6.30300687769598
0.8001900000000001,6.303029117618703
0.8002800000000001,6.3030495312185355
0.80037,6.30306889773739
0.8004600000000001,6.303092967405751
0.8005500000000001,6.303122744727375
0.80064,6.303153779961552
0.80073,6.303186825375127
0.8008200000000001,6.303222328199272
0.80091,6.303233967388219
0.801,6.303255653027581
0.8010900000000001,6.303288643459864
0.80118,6.303298991225714
0.80127,6.303321783336928
0.8013600000000001,6.303354957151047
0.80145,6.303383054505674
0.80154,6.3034031974075315
0.8016300000000001,6.3034285185246635
0.8017200000000001,6.303467258275817
0.80181,6.303494239617016
0.8019000000000001,6.303499944736274
0.8019900000000001,6.303516778466763
0.80208,6.303560983489934
0.80217,6.303597791166457
0.8022600000000001,6.303612106772426
0.80235,6.303623236235617
0.80244,6.303640312217207
0.8025300000000001,6.30368151404994
0.80262,6.30370516955616
0.80271,6.303703626026103
0.8028000000000001,6.303753106580172
0.8028900000000001,6.303774803117086
0.80298,6.303793022327568
0.8030700000000001,6.3038259010042115
0.8031600000000001,6.3038313181728975
0.80325,6.30386740687947
0.80334,6.303891578216584
0.8034300000000001,6.303912320156693
0.80352,6.303962245307641
0.80361,6.3039669809729935
0.8037000000000001,6.3039765655772015
0.80379,6.304002534313935
0.80388,6.304030677608826
0.8039700000000001,6.304074290640212
0.80406,6.304095499805842
0.80415,6.304115037015559
0.8042400000000001,6.304143816542659
0.8043300000000001,6.304159174823496
0.80442,6.304180982024004
0.8045100000000001,6.30420702663735
0.8046000000000001,6.3042312335493955
0.80469,6.304255285727174
0.80478,6.304281306219919
0.8048700000000001,6.304303035287761
0.80496,6.304325641975055
0.80505,6.304356966526505
0.8051400000000001,6.304390346098103
0.80523,6.304406153855516
0.80532,6.304425185093251
0.8054100000000001,6.304456451648256
0.8055000000000001,6.304481761199317
0.80559,6.304499124195537
0.8056800000000001,6.304511270950679
0.8057700000000001,6.304544139705741
0.80586,6.304594500286042
0.80595,6.30460486273239
0.8060400000000001,6.304617303721194
0.80613,6.304652791402816
0.80622,6.304688232244366
0.8063100000000001,6.3046998021096
0.8064,6.304714384160604
0.80649,6.304741656934114
0.8065800000000001,6.304777423421247
0.80667,6.304813725168562
0.80676,6.304841058073748
0.8068500000000001,6.3048626266067265
0.8069400000000001,6.3048816352035955
0.80703,6.304900927243389
0.8071200000000001,6.304924285279787
0.8072100000000001,6.3049447346867655
0.8073,6.304972511672098
0.80739,6.3050101144076285
0.8074800000000001,6.30504304930105
0.80757,6.3050702783707315
0.80766,6.30508431745946
0.8077500000000001,6.3051006613965335
0.80784,6.305134549265957
0.80793,6.305160801873299
0.8080200000000001,6.305188590870302
0.8081100000000001,6.305212799240505
0.8082,6.305233054136872
0.8082900000000001,6.30526725495225
0.8083800000000001,6.3052871490327345
0.80847,6.305307874200478
0.8085600000000001,6.305339267459324
0.8086500000000001,6.305362554409657
0.80874,6.305381959614013
0.80883,6.3054135937108216
0.8089200000000001,6.305453922158776
0.80901,6.305485158169462
0.8091,6.3055031513822
0.8091900000000001,6.305522292743173
0.80928,6.305548781705478
0.80937,6.3055809001099385
0.8094600000000001,6.3056134508192
0.8095500000000001,6.305632001112056
0.80964,6.305646581902119
0.8097300000000001,6.305664741239169
0.8098200000000001,6.30568689747675
0.80991,6.305725956632967
0.81,6.305758453495241
0.8100900000000001,6.305788068350235
0.81018,6.305819686427288
0.81027,6.305828387457784
0.8103600000000001,6.30586745922799
0.81045,6.305886743707697
0.81054,6.305879541797686
0.8106300000000001,6.305927981714493
0.81072,6.305953912206285
0.81081,6.305980600162809
0.8109000000000001,6.306020048266863
0.8109900000000001,6.30604197962589
0.81108,6.30606587471014
0.8111700000000001,6.306089026576823
0.8112600000000001,6.3061030073075885
0.81135,6.306118009934563
0.81144,6.306156033033523
0.8115300000000001,6.3061927047943485
0.81162,6.306211613118277
0.81171,6.306222676147372
0.8118000000000001,6.306248017254513
0.81189,6.306288637979518
0.81198,6.306318564151024
0.8120700000000001,6.306323151355552
0.8121600000000001,6.3063293398757345
0.81225,6.306382935763121
0.8123400000000001,6.306418517851481
0.8124300000000001,6.306429224589726
0.81252,6.306444878062663
0.81261,6.306463267995757
0.8127000000000001,6.306500704494628
0.81279,6.30652559948308
0.81288,6.306534133590691
0.8129700000000001,6.306559687576899
0.81306,6.306583965162583
0.81315,6.30661982793975
0.8132400000000001,6.306647803600709
0.81333,6.306646432342028
0.81342,6.306657646267232
0.8135100000000001,6.306696841865831
0.8136000000000001,6.30672977305696
0.81369,6.306739175301414
0.8137800000000001,6.306757714021696
0.8138700000000001,6.306790637367711
0.81396,6.306824592329591
0.81405,6.306841011837032
0.8141400000000001,6.306847340390106
0.81423,6.306888868164444
0.81432,6.306912151441733
0.8144100000000001,6.306919269327243
0.8145,6.306949465655621
0.81459,6.306981311163302
0.8146800000000001,6.3069927585113215
0.8147700000000001,6.3070145901271575
0.81486,6.307046967880137
0.8149500000000001,6.307046428753673
0.8150400000000001,6.307059971660319
0.81513,6.30709504042781
0.8152200000000001,6.30712116440333
0.8153100000000001,6.307131787330016
0.8154,6.307173027357232
0.81549,6.307183876823957
0.8155800000000001,6.30718468051392
0.81567,6.307214745933342
0.81576,6.307230820917335
0.8158500000000001,6.307265290089659
0.81594,6.30729132655336
0.81603,6.307301039512769
0.8161200000000001,6.3073308754831405
0.8162100000000001,6.307349430687295
0.8163,6.307379391617574
0.8163900000000001,6.307409710653911
0.8164800000000001,6.307413549588024
0.81657,6.3074313146135434
0.81666,6.307466424334244
0.8167500000000001,6.307498263373829
0.81684,6.307513752051589
0.81693,6.30752209066518
0.8170200000000001,6.30753522982663
0.81711,6.307562959736993
0.8172,6.307597593904544
0.8172900000000001,6.3076197931988345
0.8173800000000001,6.3076294387690535
0.81747,6.307649001746471
0.8175600000000001,6.307675922062319
0.8176500000000001,6.307692434228455
0.81774,6.307704659278676
0.8178300000000001,6.307727472851802
0.8179200000000001,6.307759293276325
0.81801,6.307791243770885
0.8181,6.307815877267943
0.8181900000000001,6.307819291376524
0.81828,6.307835306783687
0.81837,6.307868298192796
0.8184600000000001,6.307892754196957
0.81855,6.307928023028232
0.81864,6.307946461800578
0.8187300000000001,6.307956186872484
0.8188200000000001,6.307984855361274
0.81891,6.3080170801080495
0.8190000000000001,6.308024708612201
0.8190900000000001,6.308031661536114
0.81918,6.308056155083862
0.81927,6.308079615964234
0.8193600000000001,6.308110416538219
0.81945,6.308137498851892
0.81954,6.308161522400363
0.8196300000000001,6.308185954581818
0.81972,6.308188683730404
0.81981,6.308210810216115
0.8199000000000001,6.30824937918241
0.81999,6.308275956928336
0.82008,6.308292842874823
0.8201700000000001,6.308293617549408
0.8202600000000001,6.30831432377187
0.82035,6.308357616195579
0.8204400000000001,6.308380552082169
0.8205300000000001,6.30839771787025
0.82062,6.3084158493063605
0.82071,6.308438243708096
0.8208000000000001,6.308461470587842
0.82089,6.3084740785032105
0.82098,6.308511650621118
0.8210700000000001,6.308545228759562
0.82116,6.308555376826261
0.82125,6.308588749119142
0.8213400000000001,6.308614124079795
0.8214300000000001,6.308627657427112
0.82152,6.3086431965699115
0.8216100000000001,6.308669541302089
0.8217000000000001,6.308709624511355
0.82179,6.308724836949717
0.82188,6.3087336539743974
0.8219700000000001,6.308771612254612
0.82206,6.308802684059166
0.82215,6.308815946676322
0.8222400000000001,6.308822953189999
0.82233,6.308842817091891
0.82242,6.308881429237696
0.8225100000000001,6.308910094976782
0.8226,6.308914018585172
0.82269,6.308927665201742
0.8227800000000001,6.308977934801347
0.8228700000000001,6.309000335873972
0.82296,6.309011196379252
0.8230500000000001,6.3090381182681305
0.8231400000000001,6.309070784287583
0.82323,6.309080961613911
0.82332,6.309104191077969
0.8234100000000001,6.30914213964709
0.8235,6.309170316952806
0.82359,6.309181901677525
0.8236800000000001,6.30920380537586
0.82377,6.309236216547555
0.82386,6.309262375324347
0.8239500000000001,6.3092760042695835
0.8240400000000001,6.309293947824926
0.82413,6.30931521882314
0.8242200000000001,6.3093412352835925
0.8243100000000001,6.309371350874698
0.8244,6.309395054578585
0.8244900000000001,6.309414636711987
0.8245800000000001,6.309439059108966
0.82467,6.30946726979892
0.82476,6.309488895596541
0.8248500000000001,6.309504730219191
0.82494,6.309512826732712
0.82503,6.309535699462131
0.8251200000000001,6.309580071867527
0.82521,6.309598336942631
0.8253,6.309629179978704
0.8253900000000001,6.309648467781705
0.8254800000000001,6.309646723346642
0.82557,6.3096866240858205
0.8256600000000001,6.309718600767389
0.8257500000000001,6.3097341756995045
0.82584,6.309746765884791
0.82593,6.309763912703296
0.8260200000000001,6.30980212245801
0.82611,6.309838184776648
0.8262,6.309864056523289
0.8262900000000001,6.309887376209565
0.82638,6.30990082544902
0.82647,6.309907454935903
0.8265600000000001,6.309930291462479
0.8266500000000001,6.309963538308597
0.82674,6.3099746523206
0.8268300000000001,6.310000582778273
0.8269200000000001,6.310022264417029
0.82701,6.310040116659935
0.8271000000000001,6.310076561206255
0.8271900000000001,6.310095602126922
0.82728,6.310112739622496
0.82737,6.3101316062939725
0.8274600000000001,6.310147730493979
0.82755,6.310174924269708
0.82764,6.310193601575187
0.8277300000000001,6.310213488850124
0.82782,6.310242994762721
0.82791,6.310266571456701
0.8280000000000001,6.310284671821068
0.8280900000000001,6.3103066116529645
0.82818,6.310331731287045
0.8282700000000001,6.310352048377764
0.8283600000000001,6.310368084476072
0.82845,6.310378974588989
0.82854,6.310401550839504
0.8286300000000001,6.310434962139635
0.82872,6.31044868600996
0.82881,6.310470842765158
0.8289000000000001,6.310497771663446
0.82899,6.310517112240561
0.82908,6.31053761791473
0.8291700000000001,6.310568665301623
0.82926,6.310585913832322
0.82935,6.310588388601683
0.8294400000000001,6.310606834331228
0.8295300000000001,6.310653061273791
0.82962,6.310667703941382
0.8297100000000001,6.310672265680339
0.8298000000000001,6.3106981507352256
0.82989,6.310714392096557
0.82998,6.310746653253018
0.8300700000000001,6.310765413957575
0.83016,6.310776144815333
0.83025,6.310812570644866
0.8303400000000001,6.310818414626543
0.83043,6.310846611027544
0.83052,6.310884948776412
0.8306100000000001,6.310887549680912
0.8307000000000001,6.310898711466029
0.83079,6.310917712298768
0.8308800000000001,6.31094018965237
0.8309700000000001,6.310968771758669
0.83106,6.310999036706138
0.83115,6.311010774115006
0.8312400000000001,6.311024141871618
0.83133,6.311053412378092
0.83142,6.311083101674089
0.8315100000000001,6.311095815169372
0.8316,6.311104280498679
0.83169,6.311122988181852
0.8317800000000001,6.311147322799059
0.83187,6.311162754888063
0.83196,6.311191300478756
0.8320500000000001,6.311221928436499
0.8321400000000001,6.311238205037341
0.83223,6.3112470859748395
0.8323200000000001,6.311256473490632
0.8324100000000001,6.311282511608787
0.8325,6.311314094437716
0.83259,6.311333509088052
0.8326800000000001,6.311357731666215
0.83277,6.3113580358571335
0.83286,6.311378007854186
0.8329500000000001,6.311432729215212
0.83304,6.31144000133586
0.83313,6.311457132249559
0.8332200000000001,6.311496920146887
0.8333100000000001,6.31151787960572
0.8334,6.311507234709096
0.8334900000000001,6.3115406376343755
0.8335800000000001,6.311571316993582
0.83367,6.311578397524197
0.8337600000000001,6.3115953796390025
0.8338500000000001,6.311621788542725
0.83394,6.311642010526716
0.83403,6.311659755109615
0.8341200000000001,6.311683580939913
0.83421,6.311706384754616
0.8343,6.31171944712994
0.8343900000000001,6.3117362510278605
0.83448,6.311770239648526
0.83457,6.311805559362164
0.8346600000000001,6.311802164210954
0.8347500000000001,6.31181134171416
0.83484,6.311857374603215
0.8349300000000001,6.311894997606028
0.8350200000000001,6.311881906326999
0.83511,6.3119110486298275
0.8352,6.311946934749402
0.8352900000000001,6.311951582918566
0.83538,6.31198226400307
0.83547,6.312000339031777
0.8355600000000001,6.312023114338837
0.83565,6.312054317377749
0.83574,6.312070236320334
0.8358300000000001,6.31208711537339
0.8359200000000001,6.31209349044569
0.83601,6.312114854670168
0.8361000000000001,6.3121586097379225
0.8361900000000001,6.312168343327398
0.83628,6.31217837565336
0.8363700000000001,6.312191935634254
0.8364600000000001,6.312213494339642
0.83655,6.312254905312669
0.83664,6.312256114581698
0.8367300000000001,6.312269911515925
0.83682,6.312305938130726
0.83691,6.312319300640213
0.8370000000000001,6.31233319715145
0.83709,6.31235105242204
0.83718,6.31237586404198
0.8372700000000001,6.31240184691117
0.8373600000000001,6.312413154255725
0.83745,6.312433449836163
0.8375400000000001,6.312462062319315
0.8376300000000001,6.3124944977756945
0.83772,6.312524562055471
0.83781,6.312516493730719
0.8379000000000001,6.312524287196807
0.83799,6.312559453730222
0.83808,6.312579407557424
0.8381700000000001,6.312581151775495
0.83826,6.3126048632879606
0.83835,6.312636038372446
0.8384400000000001,6.312650432996401
0.83853,6.312665884871983
0.83862,6.312683226831947
0.8387100000000001,6.3126974092182655
0.8388000000000001,6.31271766166987
0.83889,6.312748552258206
0.8389800000000001,6.312756126425051
0.8390700000000001,6.312761379208913
0.83916,6.312786614567859
0.83925,6.312816207604157
0.8393400000000001,6.312819553446882
0.83943,6.31284481316315
0.83952,6.3128575739912645
0.8396100000000001,6.3128568163502505
0.8397,6.312908769609776
0.83979,6.3129216603970075
0.8398800000000001,6.312928212378551
0.8399700000000001,6.312951280840312
0.84006,6.3129615344722865
0.8401500000000001,6.312984598427177
0.8402400000000001,6.3130115154913655
0.84033,6.313020775606589
0.8404200000000001,6.313020002844908
0.8405100000000001,6.313045070597942
0.8406,6.3130719884262945
0.84069,6.313095911716082
0.8407800000000001,6.313114620211597
0.84087,6.313120693405069
0.84096,6.31314071728436
0.8410500000000001,6.313150690245707
0.84114,6.31315828874167
0.84123,6.313187297062743
0.8413200000000001,6.313201849484646
0.8414100000000001,6.313218752662834
0.8415,6.3132460986396035
0.8415900000000001,6.313271040450361
0.8416800000000001,6.313281326877473
0.84177,6.313278112443353
0.84186,6.313287493751301
0.8419500000000001,6.313312012529629
0.84204,6.313334574297319
0.84213,6.313375286784901
0.8422200000000001,6.313377129941622
0.84231,6.313367519896487
0.8424,6.313400941060212
0.8424900000000001,6.313415733429989
0.8425800000000001,6.3134407393395096
0.84267,6.3134675039190915
0.8427600000000001,6.313476198603881
0.8428500000000001,6.313490731537483
0.84294,6.313523500269909
0.8430300000000001,6.313537661213367
0.8431200000000001,6.313530136987494
0.84321,6.313544001581259
0.8433,6.313582222853158
0.8433900000000001,6.31360317245418
0.84348,6.313616751328052
0.84357,6.313643459133762
0.8436600000000001,6.313647888931045
0.84375,6.313658338404
0.84384,6.313673611443975
0.8439300000000001,6.3136939724757735
0.8440200000000001,6.313732581401937
0.84411,6.313737607332338
0.8442000000000001,6.313748645408677
0.8442900000000001,6.313778849448814
0.84438,6.313790867911207
0.84447,6.313797081293262
0.8445600000000001,6.313816963953239
0.84465,6.313843109089376
0.84474,6.313863652735626
0.8448300000000001,6.313886545798621
0.84492,6.3139012425433165
0.84501,6.313910131655303
0.8451000000000001,6.313929433596699
0.8451900000000001,6.3139633407444915
0.84528,6.313978519859891
0.8453700000000001,6.313986765360728
0.8454600000000001,6.314001064578689
0.84555,6.3140182647096115
0.8456400000000001,6.314039354621784
0.8457300000000001,6.314059519793999
0.84582,6.314080569072166
0.84591,6.314104976501479
0.8460000000000001,6.314124690909821
0.84609,6.314127950353003
0.84618,6.3141452376791385
0.8462700000000001,6.314179211721283
0.84636,6.31419590344346
0.84645,6.314209510684076
0.8465400000000001,6.3142220534737445
0.8466300000000001,6.314234652636585
0.84672,6.314257066743772
0.8468100000000001,6.314294033617332
0.8469000000000001,6.314310561050501
0.84699,6.314307856774954
0.84708,6.314317666563685
0.8471700000000001,6.3143551194536505
0.84726,6.314385399963903
0.84735,6.314383321385123
0.8474400000000001,6.314389838764883
0.84753,6.3144403878168545
0.84762,6.314445190711463
0.8477100000000001,6.3144466233748195
0.8478,6.314482166334287
0.84789,6.314518889303695
0.8479800000000001,6.314514821883599
0.8480700000000001,6.314540280274321
0.84816,6.314566859838818
0.8482500000000001,6.314572989555658
0.8483400000000001,6.314602778698886
0.84843,6.314593180719814
0.84852,6.314606611336259
0.8486100000000001,6.3146519518911095
0.8487,6.314666341537684
0.84879,6.314678801392924
0.8488800000000001,6.3146922570293045
0.84897,6.314715134641487
0.84906,6.314746572389538
0.8491500000000001,6.314754791469928
0.8492400000000001,6.314736161377844
0.84933,6.314754266804687
0.8494200000000001,6.314808069297941
0.8495100000000001,6.314821834650302
0.8496,6.3148308210285435
0.8496900000000001,6.314839868308793
0.8497800000000001,6.314855197570378
0.84987,6.314879916430872
0.84996,6.314885996135012
0.8500500000000001,6.314913482756366
0.85014,6.314946541660692
0.85023,6.31495591744197
0.8503200000000001,6.314963955998445
0.85041,6.314967390839687
0.8505,6.314989393241019
0.8505900000000001,6.315020169055839
0.8506800000000001,6.315029933907805
0.85077,6.3150642968443
0.8508600000000001,6.315085645764052
0.8509500000000001,6.315076868960482
0.85104,6.315072762362545
0.85113,6.315102608240807
0.8512200000000001,6.315147130608252
0.85131,6.315166244622148
0.8514,6.315156410713026
0.8514900000000001,6.315160273531398
0.85158,6.315183629850389
0.85167,6.315204000174098
0.8517600000000001,6.315212221694461
0.8518500000000001,6.3152224815396885
0.85194,6.315246436201488
0.8520300000000001,6.315288796014102
0.8521200000000001,6.315310043838913
0.85221,6.315300430677998
0.8523000000000001,6.315326445514251
0.8523900000000001,6.315338456573561
0.85248,6.315347434832895
0.85257,6.315370664205607
0.8526600000000001,6.3153821711708344
0.85275,6.315406329054571
0.85284,6.315416843778428
0.8529300000000001,6.315422029660265
0.85302,6.315452495231178
0.85311,6.3154671546790055
0.8532000000000001,6.315469409399041
0.8532900000000001,6.31548611484516
0.85338,6.315518349355024
0.8534700000000001,6.315534980157346
0.8535600000000001,6.315556295484494
0.85365,6.315570989774479
0.85374,6.3155769031443905
0.8538300000000001,6.315594972285777
0.85392,6.315605474518225
0.85401,6.3156258157861584
0.8541000000000001,6.315652283284425
0.85419,6.31566375443956
0.85428,6.31567440520306
0.8543700000000001,6.315691852875866
0.8544600000000001,6.31569676178457
0.85455,6.315697334655105
0.8546400000000001,6.31573652985251
0.8547300000000001,6.315764598824693
0.85482,6.315788589214504
0.8549100000000001,6.315805096255197
0.8550000000000001,6.315791658617822
0.85509,6.315806788571817
0.85518,6.315842800432819
0.8552700000000001,6.315868435584604
0.85536,6.31587582506742
0.85545,6.315886842558184
0.8555400000000001,6.3159112496849374
0.85563,6.315927827891516
0.85572,6.315930842294066
0.8558100000000001,6.315947719840821
0.8559000000000001,6.315969875827552
0.85599,6.315984617810048
0.8560800000000001,6.315996255649328
0.8561700000000001,6.316015239368895
0.85626,6.316034036364342
0.8563500000000001,6.316064601244983
0.8564400000000001,6.316083755543769
0.85653,6.3160815613155314
0.85662,6.316106176812663
0.8567100000000001,6.316124469093777
0.8568,6.316136747856168
0.85689,6.316153942666466
0.8569800000000001,6.316165888033991
0.85707,6.316183778094619
0.85716,6.316209481568564
0.8572500000000001,6.316223776204696
0.8573400000000001,6.316223279114684
0.85743,6.31625190357633
0.8575200000000001,6.316272889080518
0.8576100000000001,6.316275004416658
0.8577,6.316282052249838
0.85779,6.316304882407504
0.8578800000000001,6.316334027671702
0.85797,6.316360230440651
0.85806,6.316374233988439
0.8581500000000001,6.316374626320666
0.85824,6.31638605065876
0.85833,6.3164141506099964
0.8584200000000001,6.316436765413217
0.8585100000000001,6.316446766895251
0.8586,6.316480122149383
0.8586900000000001,6.316493568898945
0.8587800000000001,6.316487148305725
0.85887,6.316491614989686
0.8589600000000001,6.316514420862463
0.8590500000000001,6.316557979074971
0.85914,6.31656472469657
0.85923,6.316551009267661
0.8593200000000001,6.316583540467649
0.85941,6.31658932003263
0.8595,6.316605970759802
0.8595900000000001,6.316646377513602
0.85968,6.316668317627414
0.85977,6.316660633388745
0.8598600000000001,6.316673674513857
0.8599500000000001,6.316695735368666
0.86004,6.3167000560273765
0.8601300000000001,6.316710987472675
0.8602200000000001,6.316753710325453
0.86031,6.3167739286443405
0.8604,6.316767813300442
0.8604900000000001,6.316784249187654
0.86058,6.316794457922656
0.86067,6.316814113144268
0.8607600000000001,6.316842833367766
0.86085,6.31685756554328
0.86094,6.316857053143666
0.8610300000000001,6.316882437139439
0.8611200000000001,6.316903071336572
0.86121,6.316903653860753
0.8613000000000001,6.316927208145176
0.8613900000000001,6.316948651448568
0.86148,6.316950012835817
0.8615700000000001,6.316948263146293
0.8616600000000001,6.316964542248862
0.86175,6.316982427018093
0.86184,6.3170174006782815
0.8619300000000001,6.317038046915099
0.86202,6.317031948601315
0.86211,6.317056723525977
0.8622000000000001,6.317065730737724
0.86229,6.317068064063801
0.86238,6.317087622315513
0.8624700000000001,6.317113130510494
0.8625600000000001,6.317137052518884
0.86265,6.317133856994754
0.8627400000000001,6.317126870464229
0.8628300000000001,6.317156207508047
0.86292,6.317192106222507
0.86301,6.317205199625997
0.8631000000000001,6.317209004166993
0.86319,6.317215050317578
0.86328,6.317211649753288
0.8633700000000001,6.317245740674283
0.86346,6.317267908191823
0.86355,6.317264888352925
0.8636400000000001,6.317288084002424
0.8637300000000001,6.317299940254585
0.86382,6.317316669620678
0.8639100000000001,6.317330567416302
0.8640000000000001,6.317330671810582
0.86409,6.317360532854838
0.8641800000000001,6.317387916195148
0.8642700000000001,6.317393062775859
0.86436,6.317393192767269
0.86445,6.317409918499025
0.8645400000000001,6.317420984365613
0.86463,6.317424338009143
0.86472,6.317436778802854
0.8648100000000001,6.317463830185863
0.8649,6.317479917183395
0.86499,6.3174914050397994
0.8650800000000001,6.317508544155628
0.8651700000000001,6.317526936569827
0.86526,6.317533080385025
0.8653500000000001,6.317529647728265
0.8654400000000001,6.317543721741289
0.86553,6.317575577297351
0.8656200000000001,6.31759043428252
0.8657100000000001,6.317597582555211
0.8658,6.317618215291343
0.86589,6.317631236561014
0.8659800000000001,6.3176209998524255
0.86607,6.317649650551491
0.86616,6.317662394477041
0.8662500000000001,6.317672419958579
0.8663400000000001,6.317703164598701
0.86643,6.317696510490213
0.8665200000000001,6.317708869894049
0.8666100000000001,6.317726842203924
0.8667,6.317731597725334
0.8667900000000001,6.317755322083224
0.8668800000000001,6.31779395786743
0.86697,6.317797501058054
0.86706,6.317785137305849
0.8671500000000001,6.317809931450323
0.86724,6.31783786456168
0.86733,6.317858240133482
0.8674200000000001,6.317864712407317
0.86751,6.317864595863769
0.8676,6.317881454986468
0.8676900000000001,6.317899014359132
0.8677800000000001,6.317898420517071
0.86787,6.317902719967967
0.8679600000000001,6.317940738731322
0.8680500000000001,6.317955288789401
0.86814,6.317963679454457
0.8682300000000001,6.317984993044448
0.8683200000000001,6.31800759600808
0.86841,6.318020167574878
0.8685,6.3180212550423995
0.8685900000000001,6.318034594300528
0.86868,6.318061245505746
0.86877,6.31806523948015
0.8688600000000001,6.318068599635967
0.86895,6.318101195967835
0.86904,6.318135434505232
0.8691300000000001,6.318128505355309
0.8692200000000001,6.318135317450443
0.86931,6.318154276194355
0.8694000000000001,6.318166611239712
0.8694900000000001,6.318182823963513
0.86958,6.318228010642022
0.86967,6.318238087173877
0.8697600000000001,6.318224418912698
0.86985,6.3182298090845
0.86994,6.318252228175481
0.8700300000000001,6.318282395789626
0.87012,6.318308546497754
0.87021,6.3183161342062215
0.8703000000000001,6.318309546354322
0.8703900000000001,6.31832835028793
0.87048,6.318352508840556
0.8705700000000001,6.318366173919769
0.8706600000000001,6.318381535849118
0.87075,6.318411813793588
0.8708400000000001,6.318428557681211
0.8709300000000001,6.318420390387082
0.87102,6.318423275444967
0.87111,6.318469432745702
0.8712000000000001,6.3184843026316875
0.87129,6.3184870944758424
0.87138,6.318510002541759
0.8714700000000001,6.318537814205661
0.87156,6.31854226998746
0.87165,6.3185517802840225
0.8717400000000001,6.31857072405495
0.8718300000000001,6.318587183699254
0.87192,6.318607977795745
0.8720100000000001,6.318622034862929
0.8721000000000001,6.318628661181532
0.87219,6.318646972743607
0.87228,6.318680786304393
0.8723700000000001,6.318674602700925
0.87246,6.318684045291104
0.87255,6.318716543011829
0.8726400000000001,6.318725595768532
0.87273,6.31873654775535
0.87282,6.318770181314863
0.8729100000000001,6.318802107348427
0.8730000000000001,6.3188015621870175
0.87309,6.318787249487871
0.8731800000000001,6.318820365274449
0.8732700000000001,6.3188517747025195
0.87336,6.318854952189122
0.8734500000000001,6.318871845093656
0.8735400000000001,6.31887951535091
0.87363,6.3188998064932225
0.87372,6.318917421856066
0.8738100000000001,6.318920368724863
0.8739,6.318966461429062
0.87399,6.318976273467082
0.8740800000000001,6.318978543172086
0.87417,6.3190060866705355
0.87426,6.319000295050694
0.8743500000000001,6.319031380639344
0.8744400000000001,6.31905075253421
0.87453,6.319047041438396
0.8746200000000001,6.319077719799604
0.8747100000000001,6.319089346151787
0.8748,6.3190981870499465
0.8748900000000001,6.319120840969546
0.8749800000000001,6.31914282921364
0.87507,6.319151778975756
0.87516,6.319171663249733
0.8752500000000001,6.319177105833023
0.87534,6.319170017410888
0.87543,6.31920601994762
0.8755200000000001,6.319240143427183
0.8756100000000001,6.319243263460223
0.8757,6.319243836500935
0.8757900000000001,6.31927005675829
0.8758800000000001,6.319271165099991
0.87597,6.319275992728969
0.8760600000000001,6.319304021485218
0.8761500000000001,6.3193353229441875
0.87624,6.319349115111494
0.87633,6.319363957409519
0.8764200000000001,6.3193816408080545
0.87651,6.3193829031638415
0.8766,6.319369645694103
0.8766900000000001,6.319406549639309
0.87678,6.3194447780946525
0.87687,6.319454537506772
0.8769600000000001,6.319461710826591
0.8770500000000001,6.319458781582877
0.87714,6.319468545783694
0.8772300000000001,6.319503637359155
0.8773200000000001,6.319535795881309
0.87741,6.319525665866123
0.8775000000000001,6.319531999398546
0.8775900000000001,6.319551682310744
0.87768,6.319562666429442
0.87777,6.319577642008512
0.8778600000000001,6.3195995821772675
0.87795,6.319606158915358
0.87804,6.319606888998517
0.8781300000000001,6.319624778346303
0.87822,6.319639704229351
0.87831,6.319669663305169
0.8784000000000001,6.319689612496585
0.8784900000000001,6.319687880777396
0.87858,6.3197124624030465
0.8786700000000001,6.319733627894406
0.8787600000000001,6.319738969796859
0.87885,6.3197455981921955
0.87894,6.319769065796365
0.8790300000000001,6.31979183901782
0.87912,6.319799371469373
0.87921,6.319800756400983
0.8793000000000001,6.3198135651768235
0.87939,6.319832872439686
0.87948,6.319838385665031
0.8795700000000001,6.319856313143994
0.8796600000000001,6.319886194882817
0.87975,6.319878550129659
0.8798400000000001,6.319901620063512
0.8799300000000001,6.319923018843241
0.88002,6.319923186074404
0.8801100000000001,6.319947479074323
0.8802000000000001,6.319982461403367
0.88029,6.319982474243631
0.88038,6.319974980128049
0.8804700000000001,6.32000229871814
0.88056,6.320020568019645
0.88065,6.320040663492631
0.8807400000000001,6.320064398487016
0.88083,6.320078878932664
0.88092,6.320081025140872
0.8810100000000001,6.320085651902422
0.8811000000000001,6.320102801054645
0.88119,6.320123050147036
0.8812800000000001,6.320133655194601
0.8813700000000001,6.3201491128739695
0.88146,6.320169320695391
0.8815500000000001,6.320192331152397
0.8816400000000001,6.320211488711674
0.88173,6.320214603541383
0.88182,6.320225849187059
0.8819100000000001,6.320249540591391
0.882,6.320269108916968
0.88209,6.320274364635606
0.8821800000000001,6.320282845041749
0.8822700000000001,6.320300958383944
0.88236,6.320316898656405
0.8824500000000001,6.320323915050567
0.8825400000000001,6.320344891998224
0.88263,6.32037636290578
0.8827200000000001,6.32039260297487
0.8828100000000001,6.320392300919849
0.8829,6.320411785464514
0.88299,6.320424763154079
0.8830800000000001,6.320440913413
0.88317,6.320471981418445
0.88326,6.3204910055918955
0.8833500000000001,6.320475388420816
0.88344,6.320486338073216
0.88353,6.320522607899997
0.8836200000000001,6.320540084674817
0.8837100000000001,6.320579352862016
0.8838,6.32057937548979
0.8838900000000001,6.320564175756011
0.8839800000000001,6.320586557963734
0.88407,6.320609622847918
0.8841600000000001,6.320615955548037
0.8842500000000001,6.320631426585927
0.88434,6.320659664690203
0.88443,6.320672500424423
0.8845200000000001,6.320689539839502
0.88461,6.320715602265598
0.8847,6.320727375760516
0.8847900000000001,6.320724160679961
0.8848800000000001,6.320757183484466
0.88497,6.320765213361719
0.8850600000000001,6.320767256806633
0.8851500000000001,6.320796914880375
0.88524,6.320811005802341
0.8853300000000001,6.320834658193084
0.8854200000000001,6.320846370957973
0.88551,6.3208523283625375
0.8856,6.3208879913430795
0.8856900000000001,6.32090066164942
0.88578,6.320904345798367
0.88587,6.320908509509142
0.8859600000000001,6.320913194194802
0.88605,6.320942850040153
0.88614,6.3209534173386865
0.8862300000000001,6.320965867305112
0.8863200000000001,6.320997529461328
0.88641,6.321006011379349
0.8865000000000001,6.321024679876125
0.8865900000000001,6.321044331182227
0.88668,6.321046648375748
0.8867700000000001,6.321041174854773
0.8868600000000001,6.321050934256189
0.88695,6.321095126645779
0.88704,6.321124072400146
0.8871300000000001,6.321105896987497
0.88722,6.321118754983407
0.88731,6.321157724154857
0.8874000000000001,6.32117028583447
0.88749,6.321161288130869
0.88758,6.321191835270537
0.8876700000000001,6.321211169070152
0.8877600000000001,6.321219055931057
0.88785,6.3212301744666854
0.8879400000000001,6.321239335890437
0.8880300000000001,6.321245225394646
0.88812,6.321259824486212
0.88821,6.321276482105164
0.8883000000000001,6.321287513547238
0.88839,6.321309176338272
0.88848,6.321336505916848
0.8885700000000001,6.321339236295759
0.88866,6.321326446562902
0.88875,6.321349317254623
0.8888400000000001,6.321389751730664
0.8889300000000001,6.321403891908918
0.88902,6.321398675420586
0.8891100000000001,6.321410027297893
0.8892000000000001,6.321425299966454
0.88929,6.321461045636803
0.8893800000000001,6.321467666444377
0.8894700000000001,6.321442287484289
0.88956,6.321491735970975
0.88965,6.321519139605922
0.8897400000000001,6.3215269803181116
0.88983,6.321538541326673
0.88992,6.321529198821019
0.8900100000000001,6.321546546992964
0.8901,6.321561830662822
0.89019,6.321567234168161
0.8902800000000001,6.321588092761933
0.8903700000000001,6.321607886967824
0.89046,6.3216202979700675
0.8905500000000001,6.32163226916393
0.8906400000000001,6.321650649966318
0.89073,6.321670082835617
0.8908200000000001,6.321677609259628
0.8909100000000001,6.321686188423004
0.891,6.321706122332401
0.89109,6.32172640346407
0.8911800000000001,6.321736893280811
0.89127,6.321750170328534
0.89136,6.321762635295669
0.8914500000000001,6.321768231855355
0.8915400000000001,6.321788513554795
0.89163,6.321801047539004
0.8917200000000001,6.3218117099366005
0.8918100000000001,6.321831470382902
0.8919,6.321845352631132
0.8919900000000001,6.321862529994993
0.8920800000000001,6.321875504576633
0.89217,6.321885127700288
0.89226,6.321901827324775
0.8923500000000001,6.321911940881286
0.89244,6.321932317208458
0.89253,6.321956962181167
0.8926200000000001,6.321967642439295
0.89271,6.32197573024307
0.8928,6.321981260403212
0.8928900000000001,6.322004041349167
0.8929800000000001,6.322034763126828
0.89307,6.322033074614605
0.8931600000000001,6.322045232011925
0.8932500000000001,6.322066917022368
0.89334,6.322076462771454
0.8934300000000001,6.322078383896566
0.8935200000000001,6.3220961572825765
0.89361,6.322135955023346
0.8937,6.322168463788043
0.8937900000000001,6.322170586413854
0.89388,6.322167626376065
0.89397,6.322178046781279
0.8940600000000001,6.322205823723492
0.8941500000000001,6.322231266406182
0.89424,6.322231200181098
0.8943300000000001,6.322234586225107
0.8944200000000001,6.322257000249544
0.89451,6.322278825203741
0.8946000000000001,6.322283738745168
0.8946900000000001,6.322305566344801
0.89478,6.322326568314173
0.89487,6.322336087920045
0.8949600000000001,6.322348381929145
0.89505,6.322371698323415
0.89514,6.322373449083323
0.8952300000000001,6.32240215887855
0.89532,6.3224470911318855
0.89541,6.3224269830858955
0.8955000000000001,6.32243607988591
0.8955900000000001,6.322463522888496
0.89568,6.322482331079283
0.8957700000000001,6.322498912485105
0.8958600000000001,6.322506611491896
0.89595,6.322517851649152
0.8960400000000001,6.322538292230044
0.8961300000000001,6.322558452715011
0.89622,6.322570457202858
0.89631,6.322595857564716
0.8964000000000001,6.3226038323695635
0.89649,6.322591924980683
0.89658,6.322609010092669
0.8966700000000001,6.322647128487406
0.89676,6.322684429012483
0.89685,6.322699008033662
0.8969400000000001,6.322697230659646
0.8970300000000001,6.322717870055426
0.89712,6.322712681462475
0.8972100000000001,6.322711677394268
0.8973000000000001,6.32274346040564
0.89739,6.322755023009057
0.89748,6.322782476227167
0.8975700000000001,6.322803165622836
0.89766,6.322807621749614
0.89775,6.322824634777466
0.8978400000000001,6.322832575647056
0.89793,6.322858091640037
0.89802,6.322884555697332
0.8981100000000001,6.322885629043491
0.8982000000000001,6.322906839979442
0.89829,6.322930055929897
0.8983800000000001,6.322939847769887
0.8984700000000001,6.322940990797919
0.89856,6.322949556260243
0.8986500000000001,6.322986539937749
0.8987400000000001,6.323001762196429
0.89883,6.32299483959768
0.89892,6.32301643378328
0.8990100000000001,6.323030383798082
0.8991,6.323049039267062
0.89919,6.3230671691626466
0.8992800000000001,6.323075089639812
0.89937,6.323098971793982
0.89946,6.323108240446959
0.8995500000000001,6.323114883281575
0.8996400000000001,6.323132958522666
0.89973,6.323143424268706
0.8998200000000001,6.32316365551548
0.8999100000000001,6.3231840598852065
0.9,6.323204143831212
0.9000900000000001,6.323227229363034
0.9001800000000001,6.323223372203006
0.90027,6.323242661643608
0.90036,6.323260501029408
0.9004500000000001,6.323249321951818
0.90054,6.32327855491806
0.90063,6.323291685759708
0.9007200000000001,6.323301113710265
0.9008100000000001,6.323323502276797
0.9009,6.323332092831052
0.9009900000000001,6.323370324415621
0.9010800000000001,6.323392282387454
0.90117,6.323383047625896
0.9012600000000001,6.3233881800708645
0.9013500000000001,6.323414410700698
0.90144,6.323428003293791
0.90153,6.323442123404123
0.9016200000000001,6.323466147491702
0.90171,6.323460377105129
0.9018,6.323474212336696
0.9018900000000001,6.32350030855917
0.90198,6.323508443530628
0.90207,6.323507046329177
0.9021600000000001,6.323529081289327
0.9022500000000001,6.323553153809992
0.90234,6.323565701895255
0.9024300000000001,6.32358461056185
0.9025200000000001,6.323619166629071
0.90261,6.323629017430614
0.9027000000000001,6.323633238704423
0.9027900000000001,6.323651052869462
0.90288,6.323649467499412
0.90297,6.323678817082124
0.9030600000000001,6.323698898555911
0.90315,6.32369866438476
0.90324,6.3237265295322995
0.9033300000000001,6.323734341234608
0.9034200000000001,6.323740191598636
0.90351,6.323757334825813
0.9036000000000001,6.323773772819231
0.9036900000000001,6.323789467500428
0.90378,6.323791833889017
0.9038700000000001,6.323806886361187
0.9039600000000001,6.323845528696822
0.90405,6.323867000144089
0.90414,6.3238710762287
0.9042300000000001,6.323886702686344
0.90432,6.323909740452676
0.90441,6.32391256283339
0.9045000000000001,6.32392128979078
0.90459,6.323941675339056
0.90468,6.323957970136282
0.9047700000000001,6.323961729395524
0.9048600000000001,6.323971910295261
0.90495,6.323997409931824
0.9050400000000001,6.324016650075275
0.9051300000000001,6.324023934075498
0.90522,6.324046392275566
0.9053100000000001,6.324070836684342
0.9054000000000001,6.32406814578456
0.90549,6.324065351239744
0.90558,6.324107372496236
0.9056700000000001,6.324142578433431
0.90576,6.324147715455715
0.90585,6.324151451726022
0.9059400000000001,6.3241702485625435
0.90603,6.324169945358348
0.90612,6.324191011610713
0.9062100000000001,6.324206818477086
0.9063000000000001,6.324213029084673
0.90639,6.32425238196001
0.9064800000000001,6.3242396573874835
0.9065700000000001,6.3242430947577155
0.90666,6.324278537593242
0.9067500000000001,6.324287114387207
0.9068400000000001,6.324317580996877
0.90693,6.324327588880143
0.90702,6.324335109733145
0.9071100000000001,6.3243684057417635
0.9072,6.324374421217589
0.90729,6.324378072873041
0.9073800000000001,6.324399803803769
0.9074700000000001,6.324422251111034
0.90756,6.3244262984462045
0.9076500000000001,6.324452114384695
0.9077400000000001,6.324447588780338
0.90783,6.3244425543036105
0.9079200000000001,6.324495159981979
0.9080100000000001,6.3245065889458525
0.9081,6.324521687769334
0.90819,6.3245447242827675
0.9082800000000001,6.32454405545376
0.90837,6.324540792035313
0.90846,6.324565625046693
0.9085500000000001,6.324595007975601
0.90864,6.324613470229446
0.90873,6.324633932278639
0.9088200000000001,6.324633593024763
0.9089100000000001,6.32464047779816
0.909,6.32466452473113
0.9090900000000001,6.324681578531667
0.9091800000000001,6.3246824219168944
0.90927,6.32469456130449
0.9093600000000001,6.324714920793455
0.9094500000000001,6.324725619524077
0.90954,6.324732107515434
0.90963,6.324750654672238
0.9097200000000001,6.324786093291048
0.90981,6.324804133175501
0.9099,6.324782079088625
0.9099900000000001,6.324797346174183
0.9100800000000001,6.324824473554568
0.91017,6.324844809202839
0.9102600000000001,6.324869051078471
0.9103500000000001,6.324882163737765
0.91044,6.324886014647156
0.9105300000000001,6.324889777136947
0.9106200000000001,6.324906058294113
0.91071,6.324936558684953
0.9108,6.324945345082415
0.9108900000000001,6.324953588414546
0.91098,6.324968845442427
0.91107,6.324973672918867
0.9111600000000001,6.324995799525011
0.91125,6.325008761520956
0.91134,6.3250154398755605
0.9114300000000001,6.325036319259298
0.9115200000000001,6.325052181550217
0.91161,6.325059789447865
0.9117000000000001,6.32507476925148
0.9117900000000001,6.325095334017181
0.91188,6.325101424113508
0.9119700000000001,6.325116649853689
0.9120600000000001,6.325134790756103
0.91215,6.325143128031956
0.91224,6.325147456768022
0.9123300000000001,6.325165308055728
0.91242,6.325195006201872
0.91251,6.325202393624938
0.9126000000000001,6.325189931139583
0.9126900000000001,6.3252203849137505
0.91278,6.325235305878973
0.9128700000000001,6.3252460924749565
0.9129600000000001,6.325266872009294
0.91305,6.325266077942905
0.9131400000000001,6.3252816349821614
0.9132300000000001,6.3253034190287805
0.91332,6.325316180571404
0.91341,6.325327765184135
0.9135000000000001,6.325345900972023
0.91359,6.3253603033417125
0.91368,6.32536819111785
0.9137700000000001,6.325376279873055
0.91386,6.325386981205202
0.91395,6.325392334023678
0.9140400000000001,6.325412476073456
0.9141300000000001,6.325442930605123
0.91422,6.32545244702008
0.9143100000000001,6.325466070811978
0.9144000000000001,6.325469609139814
0.91449,6.325476087987679
0.9145800000000001,6.325503522547663
0.9146700000000001,6.325510096250366
0.91476,6.325534094979599
0.91485,6.325553697169136
0.9149400000000001,6.32554669418948
0.91503,6.325561062675932
0.91512,6.3255740694576215
0.9152100000000001,6.325585614459551
0.9153,6.325599207480554
0.91539,6.3256086925768376
0.9154800000000001,6.325631054487572
0.9155700000000001,6.325660622906944
0.91566,6.325672985067078
0.9157500000000001,6.325664401066843
0.9158400000000001,6.325674945486501
0.91593,6.325703391811467
0.9160200000000001,6.325719514639991
0.9161100000000001,6.325721021155138
0.9162,6.325741574649934
0.91629,6.325755777043341
0.9163800000000001,6.325752875726864
0.91647,6.32576491927056
0.91656,6.325807922519248
0.9166500000000001,6.325806896519648
0.9167400000000001,6.325813869561398
0.91683,6.3258469108011015
0.9169200000000001,6.325861024571383
0.9170100000000001,6.3258472838379385
0.9171,6.325868256818708
0.9171900000000001,6.325893884837694
0.9172800000000001,6.325898813316359
0.91737,6.3259294292635335
0.91746,6.3259435037943845
0.9175500000000001,6.325941470370241
0.91764,6.325955171659527
0.91773,6.325990975518197
0.9178200000000001,6.326002405197654
0.91791,6.325995584740183
0.918,6.325998257590256
0.9180900000000001,6.3260217130585765
0.9181800000000001,6.32604605599461
0.91827,6.326046386883783
0.9183600000000001,6.326062776499499
0.9184500000000001,6.326099508400097
0.91854,6.326099184870768
0.9186300000000001,6.326104239441066
0.9187200000000001,6.326130403070972
0.91881,6.326154376030666
0.9189,6.326160431874721
0.9189900000000001,6.326178572193743
0.91908,6.326194797482666
0.91917,6.326200926118731
0.9192600000000001,6.32620866419829
0.9193500000000001,6.3262314814018925
0.91944,6.326268396270405
0.9195300000000001,6.326276887911781
0.9196200000000001,6.326270377719881
0.91971,6.326304180093346
0.9198000000000001,6.326303189294248
0.9198900000000001,6.326303558356873
0.91998,6.3263352915372275
0.92007,6.326367624402565
0.9201600000000001,6.326377958267658
0.92025,6.326384985648446
0.92034,6.326391054984452
0.9204300000000001,6.326396167249758
0.92052,6.326418162723775
0.92061,6.326438893832728
0.9207000000000001,6.326454197081052
0.9207900000000001,6.326476453651377
0.92088,6.326505189516747
0.9209700000000001,6.326506004126817
0.9210600000000001,6.3265180891651625
0.92115,6.326533931253376
0.9212400000000001,6.326529203006839
0.9213300000000001,6.326560030038392
0.92142,6.3265788025969645
0.92151,6.326595153461213
0.9216000000000001,6.326627572860835
0.92169,6.326636668310425
0.92178,6.326647677573425
0.9218700000000001,6.32666033622423
0.9219600000000001,6.3266705068148115
0.92205,6.32668822655251
0.9221400000000001,6.326708781618584
0.9222300000000001,6.326713677343541
0.92232,6.3267176960692
0.9224100000000001,6.326738278741872
0.9225000000000001,6.32674910885334
0.92259,6.326767132319981
0.9226800000000001,6.3267994592001235
0.9227700000000001,6.32682014893298
0.92286,6.3268094187102815
0.92295,6.326831233202058
0.9230400000000001,6.326846567984781
0.92313,6.326845868915067
0.92322,6.326878017666763
0.9233100000000001,6.326908702433394
0.9234000000000001,6.326902684182758
0.92349,6.326906065753682
0.9235800000000001,6.3269495064782975
0.9236700000000001,6.326955971107642
0.92376,6.32695987544127
0.9238500000000001,6.326969874932718
0.9239400000000001,6.326985561801184
0.92403,6.327021218775523
0.92412,6.3270349446572105
0.9242100000000001,6.327033514060707
0.9243,6.327039269866425
0.92439,6.327055532640623
0.9244800000000001,6.327073324298137
0.92457,6.327094962925688
0.92466,6.327111317718179
0.9247500000000001,6.327119196630222
0.9248400000000001,6.327137311848262
0.92493,6.327153576480164
0.9250200000000001,6.32716357623997
0.9251100000000001,6.3271785058177725
0.9252,6.327198934732503
0.9252900000000001,6.327186034161295
0.9253800000000001,6.327185626190919
0.92547,6.327218569882878
0.92556,6.327248941827067
0.9256500000000001,6.327258741792822
0.92574,6.327257241451836
0.92583,6.327278939347184
0.9259200000000001,6.327313432900407
0.9260100000000001,6.327299488304065
0.9261,6.327310184206372
0.9261900000000001,6.327335751271627
0.9262800000000001,6.327346052311764
0.92637,6.327358686123505
0.9264600000000001,6.327376162177611
0.9265500000000001,6.3273932200985765
0.92664,6.327409262797421
0.92673,6.3274236465292795
0.9268200000000001,6.327427854485981
0.92691,6.327433307968543
0.927,6.3274537560586825
0.9270900000000001,6.327474979735497
0.92718,6.327472175485746
0.92727,6.327500701946726
0.9273600000000001,6.32751609522778
0.9274500000000001,6.32751096765017
0.92754,6.327538745049501
0.9276300000000001,6.327538414163535
0.9277200000000001,6.327554334851437
0.92781,6.327586638040565
0.9279000000000001,6.32759383920002
0.9279900000000001,6.327601984085267
0.92808,6.32760649569283
0.92817,6.327619435547648
0.9282600000000001,6.327645308068912
0.92835,6.327660066048399
0.92844,6.327668157655342
0.9285300000000001,6.327682876748966
0.9286200000000001,6.327700545014271
0.92871,6.327707456756457
0.9288000000000001,6.327713372380362
0.9288900000000001,6.327730077052119
0.92898,6.327754820295989
0.9290700000000001,6.327772667159203
0.9291600000000001,6.3277750404320905
0.92925,6.327783434851242
0.92934,6.327806347980872
0.9294300000000001,6.3278240427740995
0.92952,6.327820644911555
0.92961,6.327843246826927
0.9297000000000001,6.327862381677586
0.92979,6.327868956139453
0.92988,6.327891924583956
0.9299700000000001,6.32790612567296
0.9300600000000001,6.327919754958484
0.93015,6.3279318846257295
0.9302400000000001,6.327937518029579
0.9303300000000001,6.327952407695035
0.93042,6.327974966071219
0.9305100000000001,6.327992115951215
0.9306000000000001,6.328002091902367
0.93069,6.328017358555475
0.93078,6.328033900868015
0.9308700000000001,6.328040140416483
0.93096,6.328048763995377
0.93105,6.328071617417142
0.9311400000000001,6.328076524780621
0.9312300000000001,6.328093728243309
0.93132,6.3281149626305
0.9314100000000001,6.328119301113855
0.9315000000000001,6.328132636260626
0.93159,6.328153514706039
0.9316800000000001,6.328166755829723
0.9317700000000001,6.32818288717704
0.93186,6.328216449177185
0.9319500000000001,6.328210932083999
0.9320400000000001,6.328208744821332
0.93213,6.328232161244873
0.93222,6.328252158153227
0.9323100000000001,6.328268320487985
0.9324,6.328295651219708
0.93249,6.328309905968006
0.9325800000000001,6.328298997405712
0.9326700000000001,6.328306584823523
0.93276,6.328338375106689
0.9328500000000001,6.328364968778618
0.9329400000000001,6.328370244644886
0.93303,6.328374865989421
0.9331200000000001,6.328402604998778
0.9332100000000001,6.328412435366103
0.9333,6.328410969007676
0.93339,6.32843620849742
0.9334800000000001,6.328461235573348
0.93357,6.328468090397578
0.93366,6.3284715887388705
0.9337500000000001,6.328490229909343
0.93384,6.32851691883889
0.93393,6.328534665831362
0.9340200000000001,6.328540976051278
0.9341100000000001,6.3285466946777955
0.9342,6.328560540930713
0.9342900000000001,6.328573642850188
0.9343800000000001,6.328584092271573
0.93447,6.328597042748736
0.9345600000000001,6.32861798217859
0.9346500000000001,6.328642044571818
0.93474,6.328643968419652
0.93483,6.328648694466676
0.9349200000000001,6.328674059858755
0.93501,6.328691738544693
0.9351,6.3287123720447385
0.9351900000000001,6.328725890609859
0.9352800000000001,6.328732450325649
0.93537,6.328744221074896
0.9354600000000001,6.328748301068903
0.9355500000000001,6.328768859606447
0.93564,6.328796875249057
0.9357300000000001,6.3288034345139454
0.9358200000000001,6.328799252929478
0.93591,6.328817714941148
0.936,6.328835130705553
0.9360900000000001,6.32884512863581
0.93618,6.328879940252759
0.93627,6.328883310740634
0.9363600000000001,6.328889467457471
0.93645,6.328903327331915
0.93654,6.328895046709376
0.9366300000000001,6.328917714773872
0.9367200000000001,6.328944633153404
0.93681,6.328955787132683
0.9369000000000001,6.328961580514685
0.9369900000000001,6.3289717783439885
0.93708,6.328985783748894
0.9371700000000001,6.328997622941212
0.9372600000000001,6.32901330820394
0.93735,6.329037632227005
0.93744,6.329035729918868
0.9375300000000001,6.329048123711399
0.93762,6.329069012567862
0.93771,6.329069632521832
0.9378000000000001,6.329109501751817
0.9378900000000001,6.329117285814739
0.93798,6.329109449426616
0.9380700000000001,6.329131635279126
0.9381600000000001,6.329141159683159
0.93825,6.329160283053277
0.9383400000000001,6.329176377991541
0.9384300000000001,6.329180010931948
0.93852,6.32919258720417
0.93861,6.329213993091151
0.9387000000000001,6.32923100980665
0.93879,6.329235530923547
0.93888,6.329237990069632
0.9389700000000001,6.329259871081186
0.93906,6.329279023179053
0.93915,6.329279517013315
0.9392400000000001,6.329277891263883
0.9393300000000001,6.329303293403641
0.93942,6.329333783876721
0.9395100000000001,6.329346880523939
0.9396000000000001,6.32934918112596
0.93969,6.3293638091723325
0.9397800000000001,6.329384784111326
0.9398700000000001,6.329381846122683
0.93996,6.329388000711728
0.94005,6.329430863183948
0.9401400000000001,6.3294376763302544
0.94023,6.3294411145438065
0.94032,6.329452871404684
0.9404100000000001,6.329458364307894
0.9405000000000001,6.329465245855811
0.94059,6.329498674680859
0.9406800000000001,6.329514491302434
0.9407700000000001,6.3295137698287665
0.94086,6.3295412449234805
0.9409500000000001,6.329548664247389
0.9410400000000001,6.329554398193383
0.94113,6.329575392892701
0.9412200000000001,6.329597223611249
0.9413100000000001,6.329603286476365
0.9414,6.329607049088045
0.94149,6.329622444457917
0.9415800000000001,6.329640386122306
0.94167,6.329646322608343
0.94176,6.329673871321834
0.9418500000000001,6.329689775645653
0.9419400000000001,6.32969215414396
0.94203,6.329711932367649
0.9421200000000001,6.329711453153887
0.9422100000000001,6.329724031277262
0.9423,6.329759425701289
0.9423900000000001,6.329786080563802
0.9424800000000001,6.329783536048866
0.94257,6.329777689829433
0.94266,6.329794002658119
0.9427500000000001,6.3298264904093555
0.94284,6.329848161411344
0.94293,6.3298592017912485
0.9430200000000001,6.329851402524873
0.9431100000000001,6.329855001341174
0.9432,6.329896226148724
0.9432900000000001,6.3299141445302265
0.9433800000000001,6.329918674922479
0.94347,6.329924351059971
0.9435600000000001,6.32993447535982
0.9436500000000001,6.329953862203675
0.94374,6.329963985874457
0.9438300000000001,6.329995442208076
0.9439200000000001,6.33002420836539
0.94401,6.329996428489751
0.9441,6.33003121644685
0.9441900000000001,6.330060726362316
0.94428,6.330054630541101
0.94437,6.330067595034176
0.9444600000000001,6.330082889869964
0.9445500000000001,6.330092435505535
0.94464,6.3301106287830695
0.9447300000000001,6.330133965238521
0.9448200000000001,6.3301326050860744
0.94491,6.330140098512423
0.9450000000000001,6.330163353008676
0.9450900000000001,6.330188701921138
0.94518,6.330204640667537
0.94527,6.330205461434879
0.9453600000000001,6.330220119467408
0.94545,6.3302462239110815
0.94554,6.330261026295235
0.9456300000000001,6.330274846482547
0.94572,6.330281225124279
0.94581,6.330295159712493
0.9459000000000001,6.330323715594302
0.9459900000000001,6.3303405079796935
0.94608,6.330339287866488
0.9461700000000001,6.330344225716007
0.9462600000000001,6.330362409418723
0.94635,6.330375166905027
0.9464400000000001,6.330383029311886
0.9465300000000001,6.330393680994199
0.94662,6.330423229581585
0.94671,6.330458855419924
0.9468000000000001,6.330451788493932
0.94689,6.330462581904784
0.94698,6.330486178418301
0.9470700000000001,6.330489412131746
0.9471600000000001,6.330492271232788
0.94725,6.330523780098505
0.9473400000000001,6.330544082785729
0.9474300000000001,6.330544957170191
0.94752,6.330563736002692
0.9476100000000001,6.330585886075914
0.9477000000000001,6.330604953214154
0.94779,6.330611547040778
0.9478800000000001,6.330610112391809
0.9479700000000001,6.330629127144736
0.94806,6.3306496827688195
0.94815,6.330653763139269
0.9482400000000001,6.3306586168224275
0.94833,6.3306913490850505
0.94842,6.330712502131339
0.9485100000000001,6.330732016898804
0.9486000000000001,6.330753259939656
0.94869,6.330755461643654
0.9487800000000001,6.330746838977755
0.9488700000000001,6.33075824796923
0.94896,6.330776316338351
0.9490500000000001,6.330787411658683
0.9491400000000001,6.330821670855536
0.94923,6.330840662875467
0.94932,6.330838891917767
0.9494100000000001,6.330846156577186
0.9495,6.330876451158042
0.94959,6.3308887027053
0.9496800000000001,6.3308976272699695
0.9497700000000001,6.330911179833438
0.94986,6.33091924531699
0.9499500000000001,6.330937105570241
0.9500400000000001,6.330948849632995
0.95013,6.330959494097332
0.9502200000000001,6.330982031660099
0.9503100000000001,6.331004118894393
0.9504,6.331011711682227
0.9504900000000001,6.331023624883363
0.9505800000000001,6.331041106118802
0.95067,6.331042339365656
0.95076,6.3310530651935535
0.9508500000000001,6.331081108052894
0.95094,6.331103106190934
0.95103,6.33110698874353
0.9511200000000001,6.331123811175884
0.9512100000000001,6.331120073589593
0.9513,6.331122580577047
0.9513900000000001,6.331161033928103
0.9514800000000001,6.331193159357214
0.95157,6.331203921529264
0.9516600000000001,6.331207941912953
0.9517500000000001,6.331220023150288
0.95184,6.331234424426139
0.95193,6.3312349984099
0.9520200000000001,6.331253787758428
0.95211,6.3312783994164645
0.9522,6.331280972146974
0.9522900000000001,6.331294988270862
0.9523800000000001,6.331303556204397
0.95247,6.331319578174769
0.9525600000000001,6.331349510011941
0.9526500000000001,6.331366154879602
0.95274,6.3313926433817675
0.9528300000000001,6.331394052990811
0.9529200000000001,6.331381622016809
0.95301,6.33140854173865
0.9531000000000001,6.3314308201825265
0.9531900000000001,6.331445581841569
0.95328,6.331457851605604
0.95337,6.331471249140044
0.9534600000000001,6.331494385327164
0.95355,6.331495863768147
0.95364,6.331504571938376
0.9537300000000001,6.331532544192542
0.9538200000000001,6.331539475984643
0.95391,6.33156377117517
0.9540000000000001,6.331565811359293
0.9540900000000001,6.331565891929271
0.95418,6.331612466992114
0.9542700000000001,6.3316104516703735
0.9543600000000001,6.331625948400223
0.95445,6.331655631132313
0.95454,6.3316542248487755
0.9546300000000001,6.331666337440784
0.95472,6.331683428372517
0.95481,6.331698825908124
0.9549000000000001,6.331713166688288
0.95499,6.331725098476887
0.95508,6.33173829858763
0.9551700000000001,6.331749853226544
0.9552600000000001,6.331765184588103
0.95535,6.33178643878619
0.9554400000000001,6.331791398823196
0.9555300000000001,6.3317918362712735
0.95562,6.331810913323803
0.9557100000000001,6.331845076910682
0.9558000000000001,6.331863296991173
0.95589,6.331882523744783
0.95598,6.331891044596422
0.9560700000000001,6.331890316744286
0.95616,6.331907119311255
0.95625,6.33192187451041
0.9563400000000001,6.331937119411493
0.9564300000000001,6.331952718607859
0.95652,6.331964302887034
0.9566100000000001,6.331982020955987
0.9567000000000001,6.3319902112231885
0.95679,6.331999464362179
0.9568800000000001,6.332026397621263
0.9569700000000001,6.332055215811773
0.95706,6.332060808104564
0.9571500000000001,6.332065028937962
0.9572400000000001,6.332087132738667
0.95733,6.332108863588016
0.95742,6.332108573671985
0.9575100000000001,6.332114811725414
0.9576,6.332133831185694
0.95769,6.332152866852038
0.9577800000000001,6.332184052482029
0.9578700000000001,6.332197244678525
0.95796,6.332199823775127
0.9580500000000001,6.332208928174825
0.9581400000000001,6.33221683086815
0.95823,6.332242871664766
0.9583200000000001,6.332254634339545
0.9584100000000001,6.3322580947655895
0.9585,6.3322896991681255
0.95859,6.3322968638673265
0.9586800000000001,6.33232201958247
0.95877,6.332351676658547
0.95886,6.332343738125574
0.9589500000000001,6.332344571718057
0.9590400000000001,6.332367655405546
0.95913,6.332393241602137
0.9592200000000001,6.332402608122843
0.9593100000000001,6.332406873840741
0.9594,6.332437416895099
0.9594900000000001,6.332451967221248
0.9595800000000001,6.332453903685416
0.95967,6.332482021660108
0.9597600000000001,6.332478733841349
0.9598500000000001,6.332494502396288
0.95994,6.332521250992477
0.96003,6.332521763633468
0.9601200000000001,6.332535707137434
0.96021,6.332551189795439
0.9603,6.332569045727803
0.9603900000000001,6.332596147083171
0.9604800000000001,6.332619578158365
0.96057,6.33261937980618
0.9606600000000001,6.332633566269691
0.9607500000000001,6.332658919114966
0.96084,6.33265911281163
0.9609300000000001,6.332666163599262
0.9610200000000001,6.332677344552031
0.96111,6.332691414828685
0.9612,6.332711442516732
0.9612900000000001,6.332727771629749
0.96138,6.332736048104145
0.96147,6.33275872722523
0.9615600000000001,6.332783001719698
0.9616500000000001,6.3327764606599075
0.96174,6.332805598262199
0.9618300000000001,6.332824039969546
0.9619200000000001,6.332823349725654
0.96201,6.332846503047619
0.9621000000000001,6.332864756414185
0.9621900000000001,6.332880760287658
0.96228,6.332892774691416
0.9623700000000001,6.332898343956866
0.9624600000000001,6.332908234684794
0.96255,6.332917266804116
0.96264,6.332941784844624
0.9627300000000001,6.3329699601130205
0.96282,6.332968297150899
0.96291,6.3329717325947685
0.9630000000000001,6.332985735324152
0.9630900000000001,6.3330033831554715
0.96318,6.3330237696058544
0.9632700000000001,6.333047087438868
0.9633600000000001,6.333062662366536
0.96345,6.333076174389376
0.9635400000000001,6.3330902252791725
0.9636300000000001,6.333093107806972
0.96372,6.333105093992349
0.9638100000000001,6.333129989840229
0.9639000000000001,6.333152072587228
0.96399,6.3331624489688
0.96408,6.333181266594975
0.9641700000000001,6.33318508053483
0.96426,6.333184780698387
0.96435,6.33320931807265
0.9644400000000001,6.333236325054642
0.9645300000000001,6.333243854246818
0.96462,6.333249560986497
0.9647100000000001,6.333267252636151
0.9648000000000001,6.333282086345698
0.96489,6.3333096424828605
0.9649800000000001,6.333324253008015
0.9650700000000001,6.333331189037284
0.96516,6.333355914975031
0.96525,6.333352234170149
0.9653400000000001,6.333368533724147
0.96543,6.333391770158361
0.96552,6.333390681508942
0.9656100000000001,6.333418067380636
0.9657000000000001,6.333423686165108
0.96579,6.333450652881217
0.9658800000000001,6.333495522606282
0.9659700000000001,6.3334675855039455
0.96606,6.333484791912872
0.9661500000000001,6.333511823128668
0.9662400000000001,6.333512877401166
0.96633,6.333529099122609
0.9664200000000001,6.333561270383149
0.9665100000000001,6.333580488268711
0.9666,6.333592157629057
0.96669,6.333607701353291
0.9667800000000001,6.333607164358147
0.96687,6.333619878442006
0.96696,6.333644309034513
0.9670500000000001,6.333663835403911
0.9671400000000001,6.333678839982135
0.96723,6.333697131411796
0.9673200000000001,6.333717444988825
0.9674100000000001,6.333732570525961
0.9675,6.33374318087344
0.9675900000000001,6.3337633370539805
0.9676800000000001,6.333777937145472
0.96777,6.333783803684336
0.96786,6.3337929548527905
0.9679500000000001,6.333813333727292
0.96804,6.333842188653932
0.96813,6.3338562548018755
0.9682200000000001,6.333866200705359
0.9683100000000001,6.333899748587045
0.9684,6.33390185553654
0.9684900000000001,6.333904658388254
0.9685800000000001,6.3339284973272445
0.96867,6.333949147878033
0.9687600000000001,6.333961456517941
0.9688500000000001,6.333992820084189
0.96894,6.334021766832654
0.9690300000000001,6.334027559454697
0.9691200000000001,6.334039693679023
0.96921,6.334046941055622
0.9693,6.334054221585467
0.9693900000000001,6.334073307392596
0.96948,6.334100336027675
0.96957,6.334119098454136
0.9696600000000001,6.33415063824067
0.9697500000000001,6.334175770816695
0.96984,6.334172720922966
0.9699300000000001,6.334191088741258
0.9700200000000001,6.334209699585361
0.97011,6.334220600408685
0.9702000000000001,6.334233933587766
0.9702900000000001,6.334250108285313
0.97038,6.334266824470077
0.97047,6.334282152984511
0.9705600000000001,6.334305754977711
0.97065,6.33433660447658
0.97074,6.334335492068953
0.9708300000000001,6.334355117208918
0.9709200000000001,6.334373824204578
0.97101,6.334363509218059
0.9711000000000001,6.334410662376082
0.9711900000000001,6.334438671829068
0.97128,6.33443538458082
0.9713700000000001,6.334439004274719
0.9714600000000001,6.334459400642178
0.97155,6.3345012925387785
0.9716400000000001,6.334512588727046
0.9717300000000001,6.33451036468667
0.97182,6.334547768413452
0.97191,6.334553980294929
0.9720000000000001,6.334568588002762
0.97209,6.334599945688261
0.97218,6.3346149735210195
0.9722700000000001,6.33461895402375
0.9723600000000001,6.334633581436513
0.97245,6.334657391790116
0.9725400000000001,6.334678461381145
0.9726300000000001,6.334694870730949
0.97272,6.334710912172216
0.9728100000000001,6.33471637622527
0.9729000000000001,6.3347254205825
0.97299,6.334755335324498
0.9730800000000001,6.33477367301412
0.9731700000000001,6.334799114978071
0.97326,6.334822674142129
0.97335,6.334821036731677
0.9734400000000001,6.334814172154943
0.97353,6.3348463658626555
0.97362,6.334880470319486
0.9737100000000001,6.334894456995092
0.9738000000000001,6.334916513594055
0.97389,6.33490811541366
0.9739800000000001,6.334922391538112
0.9740700000000001,6.334957333952454
0.97416,6.334963600195188
0.9742500000000001,6.334977369461507
0.9743400000000001,6.334988972290316
0.97443,6.335013672926526
0.97452,6.335052402756836
0.9746100000000001,6.335056804675022
0.9747,6.335051707636787
0.97479,6.335072913617245
0.9748800000000001,6.335109509633124
0.9749700000000001,6.335121591350765
0.97506,6.3351245781497445
0.9751500000000001,6.3351347766682675
0.9752400000000001,6.335159294626337
0.97533,6.3351859345321
0.9754200000000001,6.3351913503417725
0.9755100000000001,6.335221028107437
0.9756,6.335247684027291
0.9756900000000001,6.3352370137808345
0.9757800000000001,6.335233467624142
0.97587,6.335260259949928
0.97596,6.335296629284634
0.9760500000000001,6.3353190050795085
0.97614,6.335327495589143
0.97623,6.335335294587667
0.9763200000000001,6.335359677776887
0.9764100000000001,6.335378817215593
0.9765,6.335374559841792
0.9765900000000001,6.335385257613168
0.9766800000000001,6.3353965898362885
0.97677,6.335421712930965
0.9768600000000001,6.335464668305723
0.9769500000000001,6.3354857471367305
0.97704,6.335479228129904
0.97713,6.33548563548111
0.9772200000000001,6.335509128441139
0.97731,6.335522674122459
0.9774,6.335554344038936
0.9774900000000001,6.335583464572456
0.9775800000000001,6.335601046546189
0.97767,6.335612310969582
0.9777600000000001,6.335609103013661
0.9778500000000001,6.33561530998673
0.97794,6.335650631117973
0.9780300000000001,6.335684121754931
0.9781200000000001,6.335674540661565
0.97821,6.335700235669047
0.9783000000000001,6.335716967730151
0.9783900000000001,6.33571883569281
0.97848,6.335756699214344
0.97857,6.335779048441417
0.9786600000000001,6.335784441223062
0.97875,6.335794330124489
0.97884,6.335814998998766
0.9789300000000001,6.3358298536729665
0.9790200000000001,6.335836785509939
0.97911,6.335864756611615
0.9792000000000001,6.335899852305252
0.9792900000000001,6.335898316894527
0.97938,6.335926425310381
0.9794700000000001,6.335957074837305
0.9795600000000001,6.335956787314356
0.97965,6.335952585639708
0.97974,6.335989429883763
0.9798300000000001,6.336015187097247
0.97992,6.3360217883639365
0.98001,6.336037098770954
0.9801000000000001,6.336059000173272
0.9801900000000001,6.336090176990723
0.98028,6.336114602965826
0.9803700000000001,6.336120878547259
0.9804600000000001,6.3361229504187735
0.98055,6.336144356616322
0.9806400000000001,6.3361665298123215
0.9807300000000001,6.33618381876581
0.98082,6.336204032856731
0.9809100000000001,6.336214441130504
0.9810000000000001,6.336241705010317
0.98109,6.336263234303785
0.98118,6.336266432158037
0.9812700000000001,6.336294568430017
0.98136,6.33631254303087
0.98145,6.336320517551308
0.9815400000000001,6.336334873342731
0.9816300000000001,6.3363565253850345
0.98172,6.336381350831287
0.9818100000000001,6.336396910139884
0.9819000000000001,6.336409995368699
0.98199,6.336430079196006
0.9820800000000001,6.336442018934321
0.9821700000000001,6.336460385622348
0.98226,6.336494714962472
0.9823500000000001,6.33652540168327
0.9824400000000001,6.336526589867214
0.98253,6.3365375732553195
0.98262,6.336563904114299
0.9827100000000001,6.336586487925947
0.9828,6.336597294503809
0.98289,6.336612172554277
0.9829800000000001,6.3366235080719076
0.9830700000000001,6.33663985778544
0.98316,6.336673861961666
0.9832500000000001,6.3367041346591995
0.9833400000000001,6.336704603725651
0.98343,6.3367074149705935
0.9835200000000001,6.336732767496266
0.9836100000000001,6.33675034867183
0.9837,6.33677367370142
0.98379,6.336787063775178
0.9838800000000001,6.336793681561346
0.98397,6.336814827165343
0.98406,6.3368328919476635
0.9841500000000001,6.336865433280589
0.9842400000000001,6.33688543693018
0.98433,6.336878459403455
0.9844200000000001,6.3369032923006765
0.9845100000000001,6.336918161218132
0.9846,6.336941526316809
0.9846900000000001,6.336982797550343
0.9847800000000001,6.33699352393259
0.98487,6.33699157166175
0.9849600000000001,6.337014514704624
0.9850500000000001,6.337049997344105
0.98514,6.337059420750716
0.98523,6.3370616850764625
0.9853200000000001,6.337084884834958
0.98541,6.3371091721248956
0.9855,6.3371147476440335
0.9855900000000001,6.337131921213183
0.9856800000000001,6.3371580257987095
0.98577,6.33717731646082
0.9858600000000001,6.337189880478229
0.9859500000000001,6.337208307327921
0.98604,6.3372219210996
0.9861300000000001,6.337238825355264
0.9862200000000001,6.337260302936855
0.98631,6.337281375175104
0.9864,6.337309261652904
0.9864900000000001,6.3373209216523545
0.98658,6.337325078860308
0.98667,6.337341595111996
0.9867600000000001,6.337363785483798
0.9868500000000001,6.3373902974622105
0.98694,6.337400291551651
0.9870300000000001,6.3374054473990045
0.9871200000000001,6.33743518321602
0.98721,6.337444259917364
0.9873000000000001,6.3374605762548315
0.9873900000000001,6.337488799872101
0.98748,6.337507786967167
0.9875700000000001,6.337534920016704
0.9876600000000001,6.337540779980938
0.98775,6.33755024693775
0.98784,6.337579330008491
0.9879300000000001,6.337586414664235
0.98802,6.337605659138436
0.98811,6.33763526823147
0.9882000000000001,6.337658515790306
0.9882900000000001,6.337674918985053
0.98838,6.337689033081513
0.9884700000000001,6.3377018659174285
0.9885600000000001,6.33771096194754
0.98865,6.337721316729586
0.9887400000000001,6.337746305235595
0.9888300000000001,6.337766750691636
0.98892,6.337786721724438
0.9890100000000001,6.337808025441112
0.9891000000000001,6.337815251805188
0.98919,6.3378363532684014
0.98928,6.337867779061411
0.9893700000000001,6.337884857533961
0.9894600000000001,6.3378840917447805
0.98955,6.3379040082049665
0.9896400000000001,6.3379281437762085
0.9897300000000001,6.337945951676326
0.98982,6.33796550884065
0.9899100000000001,6.337985109158378
0.9900000000000001,6.33799501431735
0.99009,6.338017018837039
0.9901800000000001,6.338046780143763
0.9902700000000001,6.3380527479247695
0.99036,6.338090549711521
0.99045,6.338116457020031
0.9905400000000001,6.338114806872419
0.99063,6.338129360783335
0.99072,6.338153363981233
0.9908100000000001,6.338179350640097
0.9909000000000001,6.338194956868163
0.99099,6.338200684080795
0.9910800000000001,6.338216474816095
0.9911700000000001,6.3382238835640035
0.99126,6.33823240123858
0.9913500000000001,6.338257316698733
0.9914400000000001,6.338293191855854
0.99153,6.338330311056666
0.9916200000000001,6.338335764907967
0.9917100000000001,6.338339834258507
0.9918,6.338377775683447
0.99189,6.33837758308561
0.9919800000000001,6.338398429919451
0.99207,6.338426819808276
0.99216,6.33843403580468
0.9922500000000001,6.33847299625697
0.9923400000000001,6.338489819904533
0.99243,6.338492995842315
0.9925200000000001,6.338511517788171
0.9926100000000001,6.338539192962749
0.9927,6.338567175691453
0.9927900000000001,6.3385798144154695
0.9928800000000001,6.338588318214715
0.99297,6.338612349882955
0.99306,6.338636415627838
0.9931500000000001,6.338652755713803
0.99324,6.338670637236319
0.99333,6.3386922705350495
0.9934200000000001,6.338704878111369
0.9935100000000001,6.338724434925747
0.9936,6.338742952532258
0.9936900000000001,6.338762474293581
0.9937800000000001,6.338792266405572
0.99387,6.3387973333304055
0.9939600000000001,6.338812672242356
0.9940500000000001,6.338836685300057
0.99414,6.3388473756186
0.9942300000000001,6.338877855810529
0.9943200000000001,6.338896933166734
0.99441,6.338908015938222
0.9945,6.338926015687087
0.9945900000000001,6.3389414514211575
0.99468,6.338973357037408
0.99477,6.338992391313449
0.9948600000000001,6.339007769023009
0.9949500000000001,6.339049591246731
0.99504,6.339050579622824
0.9951300000000001,6.339063566933181
0.9952200000000001,6.339087269375019
0.99531,6.339092836663351
0.9954000000000001,6.339130186738752
0.9954900000000001,6.339149224294818
0.99558,6.339149262314494
0.99567,6.339157396493492
0.9957600000000001,6.339178979457755
0.99585,6.339231577954067
0.99594,6.339251497860854
0.9960300000000001,6.339252297090016
0.9961200000000001,6.33929446971519
0.99621,6.339297719210251
0.9963000000000001,6.3393072927627445
0.9963900000000001,6.33933928865215
0.99648,6.339365980338693
0.9965700000000001,6.339386616269662
0.9966600000000001,6.339383979916911
0.99675,6.339402559920575
0.9968400000000001,6.339448040006887
0.9969300000000001,6.339458096471389
0.99702,6.339462969874705
0.99711,6.339485189044578
0.9972000000000001,6.339509831156422
0.99729,6.339519457804537
0.99738,6.339538280558242
0.9974700000000001,6.339557876720623
0.9975600000000001,6.339588702899955
0.99765,6.33962198242569
0.9977400000000001,6.339616425004769
0.9978300000000001,6.339650380672651
0.99792,6.339675352184532
0.9980100000000001,6.3396734754865
0.9981000000000001,6.339709682134779
0.99819,6.339704064554273
0.9982800000000001,6.339738402910167
0.9983700000000001,6.339786950932227
0.99846,6.339768248211164
0.99855,6.339801252073671
0.9986400000000001,6.339821538255652
0.9987300000000001,6.339831529848136
0.99882,6.3398616306890165
0.9989100000000001,6.339865473650709
0.9990000000000001,6.339877386982363
0.99909,6.339905621261618
0.9991800000000001,6.339939882897817
0.9992700000000001,6.339970201226233
0.99936,6.339975694664744
0.9994500000000001,6.339979152070953
0.9995400000000001,6.340006025442731
0.99963,6.340039681937612
0.99972,6.340036193883497
0.9998100000000001,6.34006396989429
0.9999,6.340100860258016
0.99999,6.340102959475868
1.00008,6.340108326916173
1.00017,6.340126983598972
1.0002600000000001,6.340157895578889
1.00035,6.340184996552759
1.00044,6.340192350366537
1.0005300000000001,6.340200781995537
1.00062,6.340237347712872
1.00071,6.340267655702428
1.0008000000000001,6.340270599713726
1.00089,6.3403098409991925
1.00098,6.340323609816555
1.0010700000000001,6.340331211918142
1.00116,6.340353975455161
1.00125,6.340352820153184
1.0013400000000001,6.340392021648681
1.00143,6.340422833241573
1.00152,6.340429886114317
1.0016100000000001,6.340454596391071
1.0017,6.3404548348566765
1.00179,6.340478781040419
1.00188,6.340515007720938
1.00197,6.340526047659746
1.0020600000000002,6.340545767155369
1.00215,6.340557260073808
1.00224,6.340571069788524
1.0023300000000002,6.340601815931554
1.00242,6.3406307762212695
1.00251,6.340632696390579
1.0026000000000002,6.340650873752339
1.00269,6.340680579452256
1.00278,6.340684843162958
1.0028700000000002,6.340712437630718
1.00296,6.340757826882934
1.00305,6.3407723506850004
1.0031400000000001,6.3407556170003625
1.00323,6.340780224127868
1.00332,6.340813146740874
1.0034100000000001,6.340832619372587
1.0035,6.3408456701352485
1.00359,6.340866238231939
1.0036800000000001,6.340898111052995
1.00377,6.340910705946624
1.00386,6.340920786425115
1.0039500000000001,6.340953904179507
1.00404,6.340961577069024
1.00413,6.340988122574878
1.0042200000000001,6.34101369031136
1.00431,6.3410184079976775
1.0044,6.341049707747869
1.00449,6.341052656789732
1.00458,6.341064270078473
1.0046700000000002,6.341105673486708
1.00476,6.341129288035888
1.00485,6.34113821870721
1.0049400000000002,6.341158099191936
1.00503,6.341184259278801
1.00512,6.341198552339659
1.0052100000000002,6.341212826067284
1.0053,6.341228643742121
1.00539,6.341250992088743
1.0054800000000002,6.341282478911661
1.00557,6.341311352663168
1.00566,6.341318246050747
1.0057500000000001,6.341328200063937
1.00584,6.3413553976027215
1.00593,6.341378197712642
1.0060200000000001,6.341383232219893
1.00611,6.341399869415771
1.0062,6.341433418820615
1.0062900000000001,6.341457073028344
1.00638,6.3414592136806744
1.00647,6.341485150020009
1.0065600000000001,6.341526676312589
1.00665,6.3415468360628795
1.00674,6.341543504678529
1.0068300000000001,6.3415578153989784
1.00692,6.341584480879307
1.00701,6.341611850383005
1.0071,6.341638296682884
1.00719,6.3416503792246965
1.00728,6.341670401981617
1.00737,6.341693544567864
1.00746,6.3417051738186885
1.0075500000000002,6.341719366798098
1.00764,6.341734694275496
1.00773,6.341765002370906
1.0078200000000002,6.341799617788042
1.00791,6.341808054298425
1.008,6.341820997650072
1.0080900000000002,6.341843836174744
1.00818,6.341864767805396
1.00827,6.3418822896739275
1.0083600000000001,6.3419102682062505
1.00845,6.3419243218064745
1.00854,6.341930356958541
1.0086300000000001,6.341953040110436
1.00872,6.341989824520281
1.00881,6.342009177815383
1.0089000000000001,6.3420243611198
1.00899,6.342039694171046
1.00908,6.342048617647493
1.0091700000000001,6.3420988275963515
1.00926,6.34211408524974
1.00935,6.342106581305431
1.0094400000000001,6.342140508964318
1.00953,6.34216337708635
1.00962,6.3421837713982905
1.00971,6.342203363709258
1.0098,6.342214598579999
1.00989,6.342229249222198
1.00998,6.342269517845484
1.01007,6.3422875030707315
1.0101600000000002,6.3422864464044055
1.01025,6.342315481622588
1.01034,6.342329523730882
1.0104300000000002,6.342355106839496
1.01052,6.342384570916661
1.01061,6.342391326159783
1.0107000000000002,6.342402958182961
1.01079,6.342423364663935
1.01088,6.342446784907827
1.0109700000000001,6.342475040434471
1.01106,6.342509485668572
1.01115,6.342521315618969
1.0112400000000001,6.342519057105266
1.01133,6.342532024796086
1.01142,6.342567013046061
1.0115100000000001,6.342588616410774
1.0116,6.34260595392536
1.01169,6.342628877702962
1.0117800000000001,6.3426501026433435
1.01187,6.342660546095524
1.01196,6.342672873681023
1.0120500000000001,6.3426946461089
1.01214,6.342720818279615
1.01223,6.342741866858956
1.01232,6.342758529072899
1.01241,6.34277408778067
1.0125,6.3427937148478275
1.01259,6.342819184723752
1.01268,6.342844913687713
1.0127700000000002,6.34287435667648
1.01286,6.342875248854663
1.01295,6.342862342626509
1.0130400000000002,6.342913065507738
1.01313,6.342943824785753
1.01322,6.342960136590853
1.0133100000000002,6.342974942297878
1.0134,6.342969508694997
1.01349,6.343001293445131
1.0135800000000001,6.343029392836783
1.01367,6.343041822655181
1.01376,6.343060577025502
1.0138500000000001,6.3430677564770725
1.01394,6.343101954702766
1.01403,6.343130543562868
1.0141200000000001,6.343133381699587
1.01421,6.343162913261192
1.0143,6.343189148364842
1.0143900000000001,6.343202908681895
1.01448,6.343219716560179
1.01457,6.343246229205937
1.0146600000000001,6.3432604739245475
1.01475,6.343271116205691
1.01484,6.343288939920859
1.01493,6.343312789043088
1.01502,6.343335147768729
1.01511,6.343349182777044
1.0152,6.343379803856035
1.01529,6.343417586591505
1.0153800000000002,6.3434179315923656
1.01547,6.343431883633583
1.01556,6.343447144548953
1.0156500000000002,6.3434592711600075
1.01574,6.343493439143002
1.01583,6.343533683430486
1.0159200000000002,6.343537202322035
1.01601,6.343540330183895
1.0161,6.34357115878948
1.0161900000000001,6.343572943372141
1.01628,6.343606336942421
1.01637,6.343645013970709
1.0164600000000001,6.3436557585067455
1.01655,6.343669649185623
1.01664,6.3436909171748725
1.0167300000000001,6.3437091915623665
1.01682,6.343730372019203
1.01691,6.343759064693893
1.0170000000000001,6.343772437945819
1.01709,6.343802030631635
1.01718,6.343824462395401
1.0172700000000001,6.343826358944265
1.01736,6.343859980541336
1.01745,6.343889440781536
1.0175400000000001,6.343902670173755
1.01763,6.343917326467368
1.01772,6.343942238387573
1.01781,6.343953550911953
1.0179,6.343966267424838
1.0179900000000002,6.343986374595958
1.01808,6.344006202716464
1.01817,6.344032834260557
1.0182600000000002,6.34406200496675
1.01835,6.344089373210322
1.01844,6.3441139949514245
1.0185300000000002,6.344131212590394
1.01862,6.344127962170712
1.01871,6.344149035929629
1.0188000000000001,6.344180946359915
1.01889,6.344182193017913
1.01898,6.344232824950098
1.0190700000000001,6.344259150409425
1.01916,6.344259243743669
1.01925,6.344284548159914
1.0193400000000001,6.344305592806433
1.01943,6.344341625010423
1.01952,6.344356934812663
1.0196100000000001,6.344353596546674
1.0197,6.344394197161318
1.01979,6.3444224243114915
1.0198800000000001,6.344429967350237
1.01997,6.34443531681004
1.02006,6.344453219276554
1.0201500000000001,6.344493213132369
1.02024,6.344522874156997
1.02033,6.3445432440913505
1.02042,6.344568051468845
1.02051,6.344581020751555
1.0206000000000002,6.344589359179989
1.02069,6.344612612808007
1.02078,6.344640279160236
1.0208700000000002,6.344649358261351
1.02096,6.3446805572906495
1.02105,6.344705979096744
1.0211400000000002,6.3447204558334125
1.02123,6.34474283577999
1.02132,6.344748296438622
1.0214100000000002,6.3447638710461405
1.0215,6.344798869912595
1.02159,6.3448280474189085
1.0216800000000001,6.344834599404086
1.02177,6.3448695771039105
1.02186,6.344891303823427
1.0219500000000001,6.344891754011521
1.02204,6.3449210408568035
1.02213,6.3449323655621415
1.0222200000000001,6.344960911059109
1.02231,6.344992773987299
1.0224,6.344994267557855
1.0224900000000001,6.345018103606645
1.02258,6.345044908845873
1.02267,6.345060209546797
1.0227600000000001,6.345077722791474
1.02285,6.345111289196768
1.02294,6.345133653688191
1.02303,6.345127881295807
1.02312,6.3451341065272775
1.0232100000000002,6.345184819575638
1.0233,6.3451998052335465
1.02339,6.345220496028734
1.0234800000000002,6.345255906028128
1.02357,6.345269234089234
1.02366,6.345269752578698
1.0237500000000002,6.345300735261145
1.02384,6.3453272219690415
1.02393,6.3453274267190665
1.0240200000000002,6.345348008240538
1.02411,6.3453831125771085
1.0242,6.345400829063411
1.0242900000000001,6.345406043082401
1.02438,6.345429475939159
1.02447,6.345459781744351
1.0245600000000001,6.345467057534444
1.02465,6.345484026232712
1.02474,6.345526743378178
1.0248300000000001,6.345532518342931
1.02492,6.3455433690738845
1.02501,6.345566899636161
1.0251000000000001,6.345589416651024
1.02519,6.345613650377236
1.02528,6.345638421157164
1.0253700000000001,6.34564280288384
1.02546,6.345649649092946
1.02555,6.3456877787158295
1.02564,6.345713651667529
1.02573,6.345733530668519
1.02582,6.345753040871217
1.02591,6.345768257751225
1.026,6.3457811808124625
1.0260900000000002,6.345795856637451
1.02618,6.345818479347929
1.02627,6.345847198689118
1.0263600000000002,6.345870807912197
1.02645,6.345883888014643
1.02654,6.345902485991534
1.0266300000000002,6.345922229646167
1.02672,6.345938294895614
1.02681,6.345972018504623
1.0269000000000001,6.345976102815621
1.02699,6.3459838323197
1.02708,6.346020984272525
1.0271700000000001,6.346037432158409
1.02726,6.34605700387351
1.02735,6.346070600973705
1.0274400000000001,6.346091351733175
1.02753,6.346136555941203
1.02762,6.346141917582212
1.0277100000000001,6.346151199575881
1.0278,6.346179289410639
1.02789,6.346200373367756
1.0279800000000001,6.346217461694756
1.02807,6.346232705960648
1.02816,6.346243791666393
1.02825,6.346272105801922
1.02834,6.346326747801037
1.02843,6.346311376582901
1.02852,6.346315899629093
1.02861,6.346358359908149
1.0287000000000002,6.34636354752668
1.02879,6.346389103099983
1.02888,6.346414928959612
1.0289700000000002,6.34643383605599
1.02906,6.346456239971428
1.02915,6.346472158998803
1.0292400000000002,6.346490534132126
1.02933,6.34651759854085
1.02942,6.346537971223863
1.0295100000000001,6.346540108209521
1.0296,6.346566730935371
1.02969,6.346586244128398
1.0297800000000001,6.346610712922208
1.02987,6.3466595606172325
1.02996,6.346653393238706
1.0300500000000001,6.346650303985881
1.03014,6.346680664519209
1.03023,6.3467159610562005
1.0303200000000001,6.346730835464058
1.03041,6.346746555708712
1.0305,6.346767097279072
1.0305900000000001,6.346792721169495
1.03068,6.346824416915512
1.03077,6.346840598634264
1.03086,6.346849638600502
1.03095,6.346869693503796
1.03104,6.346893161496645
1.03113,6.346892374541626
1.03122,6.3469259280265895
1.0313100000000002,6.346965140864148
1.0314,6.346975218004423
1.03149,6.34699089369266
1.0315800000000002,6.346990868643942
1.03167,6.34701752099377
1.03176,6.347062146147014
1.0318500000000002,6.347074199666016
1.03194,6.347100629972871
1.03203,6.347107848388088
1.0321200000000001,6.347113396782973
1.03221,6.347147935964994
1.0323,6.347166028374625
1.0323900000000001,6.347182160895124
1.03248,6.347209302958904
1.03257,6.347235682790166
1.0326600000000001,6.347248886992594
1.03275,6.347276450142116
1.03284,6.347295686123069
1.0329300000000001,6.347301878941955
1.03302,6.347319101118599
1.03311,6.347343437163885
1.0332000000000001,6.347376087607726
1.03329,6.347393163476432
1.03338,6.347393860974946
1.03347,6.3474241831280604
1.03356,6.347450557928267
1.03365,6.347468229209279
1.03374,6.347483944222065
1.03383,6.347492782128257
1.0339200000000002,6.347508238629678
1.03401,6.347539623649389
1.0341,6.3475709998974725
1.0341900000000002,6.347582312488756
1.03428,6.347588947452745
1.03437,6.347621487032978
1.0344600000000002,6.347654484195731
1.03455,6.34766724740204
1.03464,6.347689751028107
1.0347300000000001,6.347701909029221
1.03482,6.3477107638792205
1.03491,6.34772754939541
1.0350000000000001,6.347751818226135
1.03509,6.347790062921501
1.03518,6.347810509126552
1.0352700000000001,6.34781444051297
1.03536,6.347827195363589
1.03545,6.347843337940449
1.0355400000000001,6.347853421252092
1.03563,6.347887694919433
1.03572,6.347937206550196
1.0358100000000001,6.3479401632134005
1.0359,6.3479372555957365
1.03599,6.34795511887526
1.0360800000000001,6.3479908216420045
1.03617,6.3480236461004615
1.03626,6.348033414066864
1.03635,6.348054296960635
1.03644,6.348065390113586
1.0365300000000002,6.348059529263707
1.03662,6.348108780630603
1.03671,6.348136816617389
1.0368000000000002,6.348137511258897
1.03689,6.348148917059314
1.03698,6.348175628907013
1.0370700000000002,6.348201856757351
1.03716,6.3482152169037676
1.03725,6.348230725949307
1.0373400000000002,6.3482587914526745
1.03743,6.348267030778444
1.03752,6.348292730931502
1.0376100000000001,6.34832031139954
1.0377,6.348328555228515
1.03779,6.348355425119141
1.0378800000000001,6.348375556822463
1.03797,6.348389201326822
1.03806,6.348406484067449
1.0381500000000001,6.348425989183547
1.03824,6.348451440933017
1.03833,6.348462178053098
1.0384200000000001,6.34847423482114
1.03851,6.348507768554861
1.0386,6.3485209258607
1.0386900000000001,6.348522307696952
1.03878,6.348550467037822
1.03887,6.348597502665205
1.03896,6.3486080148039665
1.03905,6.348625847021111
1.0391400000000002,6.348642278252854
1.03923,6.348650155698415
1.03932,6.348671568747514
1.0394100000000002,6.348695162044669
1.0395,6.348718275736555
1.03959,6.348733460796578
1.0396800000000002,6.3487433257924035
1.03977,6.348770696137045
1.03986,6.3487874915482765
1.0399500000000002,6.3488120901695115
1.04004,6.348840958077346
1.04013,6.348833185504842
1.0402200000000001,6.3488672146312535
1.04031,6.348901955624712
1.0404,6.348906834228145
1.0404900000000001,6.348921550802485
1.04058,6.348953720020088
1.04067,6.348963562380414
1.0407600000000001,6.3489772569155445
1.04085,6.349015253580154
1.04094,6.349015497244025
1.0410300000000001,6.349027234099091
1.04112,6.349047677163944
1.04121,6.34907206803192
1.0413000000000001,6.349116173449437
1.04139,6.349112613582948
1.04148,6.3491206243963285
1.04157,6.349159058093836
1.04166,6.349179283902159
1.0417500000000002,6.349194716486111
1.04184,6.349224370186656
1.04193,6.34924586941205
1.0420200000000002,6.349246695880471
1.04211,6.3492623702004805
1.0422,6.349286337223002
1.0422900000000002,6.349316410664469
1.04238,6.349341388025127
1.04247,6.34934975351946
1.0425600000000002,6.349372949366734
1.04265,6.349390538737537
1.04274,6.349395683072755
1.0428300000000001,6.349411204938612
1.04292,6.349444599928156
1.04301,6.349469576988911
1.0431000000000001,6.349487838688026
1.04319,6.349505617916985
1.04328,6.3495141523353364
1.0433700000000001,6.34954660516312
1.04346,6.349579304320071
1.04355,6.349589306995023
1.0436400000000001,6.349595700048561
1.04373,6.349621895903591
1.04382,6.349653508836206
1.0439100000000001,6.349668311888337
1.044,6.3496738279502605
1.04409,6.349704580748618
1.04418,6.349729810864091
1.04427,6.349745851563052
1.04436,6.349758425582657
1.04445,6.3497657270623495
1.04454,6.349807556273023
1.0446300000000002,6.349822214362959
1.04472,6.349814091254769
1.04481,6.3498563905790775
1.0449000000000002,6.349906220300318
1.04499,6.3499121474798
1.04508,6.349909152798548
1.0451700000000002,6.349938569511088
1.04526,6.34995719542245
1.04535,6.3499672973181145
1.0454400000000001,6.349982733761918
1.04553,6.35000862719672
1.04562,6.350037730494104
1.0457100000000001,6.350057862710133
1.0458,6.350076036574741
1.04589,6.35009111581762
1.0459800000000001,6.350103647420996
1.04607,6.35013666779663
1.04616,6.3501494573898
1.0462500000000001,6.350160677273125
1.04634,6.350197213571497
1.04643,6.350219243278568
1.0465200000000001,6.350227701715629
1.04661,6.350251774662687
1.0467,6.350289692607979
1.04679,6.3503050355599315
1.04688,6.350300764399635
1.04697,6.350319659640934
1.04706,6.350352568611007
1.04715,6.350367326669467
1.0472400000000002,6.350388537951134
1.04733,6.350396834784332
1.04742,6.350412312819319
1.0475100000000002,6.350444659304679
1.0476,6.350459236165142
1.04769,6.350489947320376
1.0477800000000002,6.350509284850534
1.04787,6.350508978844766
1.04796,6.3505285219593075
1.0480500000000001,6.350566048727286
1.04814,6.350591677165691
1.04823,6.35059370749941
1.0483200000000001,6.350600300194873
1.04841,6.350643409381283
1.0485,6.35064926301102
1.0485900000000001,6.35066619951997
1.04868,6.3507132031910505
1.04877,6.350706261800692
1.0488600000000001,6.350729613240619
1.04895,6.350762796453472
1.04904,6.350778711380469
1.0491300000000001,6.350795331196727
1.04922,6.350805552665444
1.04931,6.3508283222222595
1.0494,6.3508476702081404
1.04949,6.3508567542768555
1.04958,6.350894779530674
1.04967,6.350909925567168
1.04976,6.350918901988562
1.0498500000000002,6.35094295734053
1.04994,6.350959469380976
1.05003,6.35098717790954
1.0501200000000002,6.351006676903175
1.05021,6.351024903625301
1.0503,6.351054975763828
1.0503900000000002,6.351052333904351
1.05048,6.351065000039549
1.05057,6.351094647227797
1.0506600000000001,6.351114585539994
1.05075,6.351133974092763
1.05084,6.351142458044847
1.0509300000000001,6.351170179549812
1.05102,6.351211323464683
1.05111,6.3512180329431684
1.0512000000000001,6.351217149989196
1.05129,6.351248268125853
1.05138,6.351276031161981
1.0514700000000001,6.351272042193681
1.05156,6.351309892134238
1.05165,6.351314849087791
1.0517400000000001,6.351324319575863
1.05183,6.35136841075927
1.05192,6.351368682437081
1.0520100000000001,6.351397669482047
1.0521,6.351433162548557
1.05219,6.3514443253394886
1.05228,6.351454295480599
1.05237,6.351471816029059
1.0524600000000002,6.351491042981243
1.05255,6.351507959073768
1.05264,6.351528864671707
1.0527300000000002,6.351558635499853
1.05282,6.3515653688004585
1.05291,6.351582106272697
1.0530000000000002,6.351612489673266
1.05309,6.351606925783092
1.05318,6.351637738368141
1.0532700000000002,6.3516720378908325
1.05336,6.351682321265109
1.05345,6.351694283641179
1.0535400000000001,6.351708699876434
1.05363,6.351733037736266
1.05372,6.351762510714125
1.0538100000000001,6.3517810358295606
1.0539,6.351785641013558
1.05399,6.351811452945567
1.0540800000000001,6.351830314145631
1.05417,6.351833904565826
1.05426,6.351865110327071
1.0543500000000001,6.351900702801161
1.05444,6.351919197946508
1.05453,6.35193047336989
1.0546200000000001,6.351951352013442
1.05471,6.351966064765682
1.0548,6.351968465140754
1.05489,6.351989877354122
1.05498,6.352033365716363
1.0550700000000002,6.352045133701813
1.05516,6.352049311662649
1.05525,6.352072936087384
1.0553400000000002,6.352106548766636
1.05543,6.3521225173075555
1.05552,6.352130994549086
1.0556100000000002,6.352156353371894
1.0557,6.352188396768486
1.05579,6.352203784270548
1.0558800000000002,6.352214794706643
1.05597,6.3522269169761945
1.05606,6.352247099752761
1.0561500000000001,6.352270411971904
1.05624,6.352283653392444
1.05633,6.352309168717366
1.0564200000000001,6.352329985167273
1.05651,6.3523440323152975
1.0566,6.352366166983523
1.0566900000000001,6.352370593830804
1.05678,6.352406860378484
1.05687,6.352434696338739
1.0569600000000001,6.3524187966385
1.05705,6.352457320963153
1.05714,6.352481653476876
1.0572300000000001,6.352494272635754
1.05732,6.352522470383857
1.05741,6.352541526606663
1.0575,6.35255774514753
1.05759,6.352572998757027
1.0576800000000002,6.352597351761192
1.05777,6.352630611068173
1.05786,6.352634047564749
1.0579500000000002,6.352631134705549
1.05804,6.352648527227047
1.05813,6.352685938910015
1.0582200000000002,6.352720834246543
1.05831,6.3527277452314594
1.0584,6.352744705210477
1.0584900000000002,6.352776747887599
1.05858,6.352781105662621
1.05867,6.352802909675886
1.0587600000000001,6.3528157112103205
1.05885,6.352836347995245
1.05894,6.352887420382102
1.0590300000000001,6.352883308065819
1.05912,6.352876936503449
1.05921,6.352904759049461
1.0593000000000001,6.352941453378081
1.05939,6.352951354147124
1.05948,6.352953433372665
1.0595700000000001,6.352986444996684
1.05966,6.353027075971545
1.05975,6.353026954323701
1.0598400000000001,6.3530486483205415
1.05993,6.353071195188936
1.06002,6.353082772594363
1.06011,6.3531064199945995
1.0602,6.353138834266584
1.0602900000000002,6.353131217192266
1.06038,6.353132173197179
1.06047,6.35317970799006
1.0605600000000002,6.353212082427036
1.06065,6.353221229963101
1.06074,6.353235164623517
1.0608300000000002,6.353258548407097
1.06092,6.353271185894866
1.06101,6.353281906008213
1.0611000000000002,6.353303349513731
1.06119,6.353320085621758
1.06128,6.353325350995832
1.0613700000000001,6.353352726961802
1.06146,6.353383419229042
1.06155,6.353407329181185
1.0616400000000001,6.353425864311769
1.06173,6.353437677203473
1.06182,6.353445485689282
1.0619100000000001,6.353461430987774
1.062,6.3534790690116125
1.06209,6.3534954856000025
1.0621800000000001,6.353542350350262
1.06227,6.353554524344217
1.06236,6.353540551027583
1.0624500000000001,6.353558493649807
1.06254,6.35360289778095
1.06263,6.353622000322205
1.06272,6.353632803616194
1.06281,6.353659661646426
1.0629,6.353683137106238
1.06299,6.3536899848149595
1.06308,6.3536971405591816
1.0631700000000002,6.353723672974117
1.06326,6.353758083505716
1.06335,6.353762449830586
1.0634400000000002,6.353771804734133
1.06353,6.353798686204302
1.06362,6.3538237355999545
1.0637100000000002,6.353834343458334
1.0638,6.353841835996212
1.06389,6.353862558809589
1.0639800000000001,6.353895739545177
1.06407,6.353918388960863
1.06416,6.3539128812448435
1.0642500000000001,6.353934600819882
1.06434,6.3539745833904835
1.06443,6.353981605176061
1.0645200000000001,6.353978945494835
1.06461,6.354011338219796
1.0647,6.354047068511728
1.0647900000000001,6.354060140242975
1.06488,6.354085073780848
1.06497,6.354098919020431
1.0650600000000001,6.354106265281651
1.06515,6.354122266563033
1.06524,6.354145737728092
1.06533,6.354164406055709
1.06542,6.354189333434791
1.06551,6.354204808624833
1.0656,6.354208665795115
1.06569,6.354245071452695
1.0657800000000002,6.354261644911161
1.06587,6.354284264850823
1.06596,6.354315586150691
1.0660500000000002,6.3543028676563
1.06614,6.354337404130275
1.06623,6.354364939286753
1.0663200000000002,6.354364978829849
1.06641,6.354389060358236
1.0665,6.354411456915041
1.0665900000000001,6.354429843907946
1.06668,6.354444317822851
1.06677,6.354456795271689
1.0668600000000001,6.354479372702184
1.06695,6.354510242981985
1.06704,6.354529915317378
1.0671300000000001,6.354539507888883
1.06722,6.354561386890283
1.06731,6.3545845768894615
1.0674000000000001,6.354604478961244
1.06749,6.354615829564377
1.06758,6.354627180923188
1.0676700000000001,6.35466609616583
1.06776,6.354680065688643
1.06785,6.354681765173151
1.0679400000000001,6.354714105667581
1.06803,6.354756106141564
1.06812,6.354746633147709
1.06821,6.354756479498181
1.0683,6.354804413951824
1.0683900000000002,6.354813778900428
1.06848,6.354816394913372
1.06857,6.354842586093002
1.0686600000000002,6.354873416417355
1.06875,6.354886080155668
1.06884,6.354906934239882
1.0689300000000002,6.354925523695013
1.06902,6.354943853188497
1.06911,6.354967058305609
1.0692000000000002,6.354986877021827
1.06929,6.355006256654103
1.06938,6.355020960200712
1.0694700000000001,6.355037985501848
1.06956,6.355063074589387
1.06965,6.35507107643381
1.0697400000000001,6.3550897669447775
1.06983,6.355124119524252
1.06992,6.355151332706322
1.0700100000000001,6.355164421078881
1.0701,6.355173491992074
1.07019,6.355183483946819
1.0702800000000001,6.355205102371124
1.07037,6.355239826402867
1.07046,6.35523853863663
1.0705500000000001,6.355266997364732
1.07064,6.355309682501499
1.07073,6.35529939268723
1.07082,6.355318137581573
1.07091,6.355340686589715
1.0710000000000002,6.355357969090395
1.07109,6.355381379021782
1.07118,6.355395994270038
1.0712700000000002,6.3554165471835
1.07136,6.355441274669931
1.07145,6.355461422415764
1.0715400000000002,6.355474629221
1.07163,6.355480701786467
1.07172,6.35551063288966
1.0718100000000002,6.355544222608755
1.0719,6.355550684764865
1.07199,6.355574897020179
1.0720800000000001,6.355593215969404
1.07217,6.355606780052153
1.07226,6.355625520538191
1.0723500000000001,6.355636991925712
1.07244,6.3556655062934135
1.07253,6.355687225561934
1.0726200000000001,6.355692251052566
1.07271,6.355705520334323
1.0728,6.3557236196599245
1.0728900000000001,6.355755785267182
1.07298,6.355789077062411
1.07307,6.35580426304885
1.0731600000000001,6.355812837958886
1.07325,6.355821236609189
1.07334,6.355843539386072
1.07343,6.355876868511905
1.07352,6.355895383088526
1.0736100000000002,6.3559022366182845
1.0737,6.355918212664458
1.07379,6.35594025111189
1.0738800000000002,6.355953568847115
1.07397,6.355976909742115
1.07406,6.355988239581123
1.0741500000000002,6.356005076159558
1.07424,6.356038797153183
1.07433,6.356042760499591
1.0744200000000002,6.356062778333684
1.07451,6.356083820249351
1.0746,6.356095461106095
1.0746900000000001,6.356127373353889
1.07478,6.356135028804197
1.07487,6.356152899190837
1.0749600000000001,6.356188953218218
1.07505,6.356203023020383
1.07514,6.356199250829461
1.0752300000000001,6.356220837957611
1.07532,6.356248155677382
1.07541,6.356259448999325
1.0755000000000001,6.3562892531669135
1.07559,6.356293300591633
1.07568,6.356296974475192
1.0757700000000001,6.356329574054869
1.07586,6.356364516188396
1.07595,6.356377291591978
1.07604,6.3563956514172935
1.07613,6.356412457753872
1.0762200000000002,6.356413956352329
1.07631,6.3564499914430055
1.0764,6.356480094211559
1.0764900000000002,6.356488486006491
1.07658,6.356492646747709
1.07667,6.356505844525273
1.0767600000000002,6.3565395673282445
1.07685,6.356571112648679
1.07694,6.356580997108178
1.0770300000000002,6.356583658902939
1.07712,6.356608463952755
1.07721,6.356614602605187
1.0773000000000001,6.356623539047641
1.07739,6.356669252265715
1.07748,6.35669052576872
1.0775700000000001,6.3566947858313485
1.07766,6.356711678766512
1.07775,6.356738477724412
1.0778400000000001,6.356747464656671
1.07793,6.356765802809075
1.07802,6.356799187156568
1.0781100000000001,6.356815377575406
1.0782,6.356808968157388
1.07829,6.3568564673526025
1.0783800000000001,6.356884249819293
1.07847,6.356879424791992
1.07856,6.356891272727136
1.07865,6.356916504941808
1.07874,6.356936599533168
1.0788300000000002,6.356943016829647
1.07892,6.3569548250237915
1.07901,6.356992851124779
1.0791000000000002,6.35701656930357
1.07919,6.357025934262417
1.07928,6.357042347016839
1.0793700000000002,6.357072577329685
1.07946,6.357095778528467
1.07955,6.357095149384977
1.0796400000000002,6.357110409802826
1.07973,6.357146378167041
1.07982,6.357139736333775
1.0799100000000001,6.357178607643487
1.08,6.357211089492303
1.08009,6.357204590414066
1.0801800000000001,6.357227307858636
1.08027,6.357255653723911
1.08036,6.357270009981047
1.0804500000000001,6.357282114941933
1.08054,6.357306029018849
1.08063,6.3573235907420225
1.0807200000000001,6.357330648983449
1.08081,6.357345249467637
1.0809,6.357373554378362
1.0809900000000001,6.357396774098237
1.08108,6.357421683506315
1.08117,6.357435355590308
1.08126,6.357440184161375
1.08135,6.357461740309859
1.0814400000000002,6.3574979345951474
1.08153,6.357498930835461
1.08162,6.357503180920697
1.0817100000000002,6.357557519322239
1.0818,6.357582473605106
1.08189,6.357564057687043
1.0819800000000002,6.35757473767533
1.08207,6.357627034911305
1.08216,6.35763706486695
1.0822500000000002,6.357639773387444
1.08234,6.357667331153183
1.08243,6.357700502785559
1.0825200000000001,6.357712988172077
1.08261,6.357738466264851
1.0827,6.357752345441671
1.0827900000000001,6.3577559953888745
1.08288,6.357773986140068
1.08297,6.35780085670681
1.0830600000000001,6.357814613758695
1.08315,6.357826644141387
1.08324,6.357845496133226
1.0833300000000001,6.357860771519938
1.08342,6.3578889160214125
1.08351,6.357910705827685
1.0836000000000001,6.3579206461809274
1.08369,6.357937694918116
1.08378,6.357963571274886
1.0838700000000001,6.357974195338221
1.08396,6.357993862451127
1.08405,6.358032588549397
1.08414,6.358042003583322
1.08423,6.35805499619707
1.0843200000000002,6.358050021128103
1.08441,6.358056085634342
1.0845,6.358122993833714
1.0845900000000002,6.358120485159637
1.08468,6.358137164093934
1.08477,6.358178905286327
1.0848600000000002,6.358175459120524
1.08495,6.358196028668766
1.08504,6.358216379619229
1.0851300000000001,6.358236858345256
1.08522,6.3582579602260605
1.08531,6.358252624994825
1.0854000000000001,6.3582705630408185
1.08549,6.35829428185252
1.08558,6.358314720918223
1.0856700000000001,6.358347792421762
1.08576,6.358354337044772
1.08585,6.358379846555931
1.0859400000000001,6.358407595973255
1.08603,6.358404122980088
1.08612,6.35842403494374
1.0862100000000001,6.358433784064533
1.0863,6.35845486262936
1.08639,6.35848881440421
1.0864800000000001,6.358486457077516
1.08657,6.358513792652961
1.08666,6.358543014321757
1.08675,6.358552369165025
1.08684,6.3585678615938015
1.0869300000000002,6.358585061498377
1.08702,6.358594882278591
1.08711,6.35860873608168
1.0872000000000002,6.358639792563314
1.08729,6.358672818241927
1.08738,6.358677584588746
1.0874700000000002,6.3586787466438865
1.08756,6.35869801085064
1.08765,6.3587238054888084
1.0877400000000002,6.358765903230745
1.08783,6.3587657188502185
1.08792,6.358757875639492
1.0880100000000001,6.3588035311758
1.0881,6.358811191686458
1.08819,6.3588290851419185
1.0882800000000001,6.358854917964678
1.08837,6.358855733435794
1.08846,6.358858279766756
1.0885500000000001,6.358878898718332
1.08864,6.358908993977257
1.08873,6.358939846930847
1.0888200000000001,6.358968752776439
1.08891,6.358980661355632
1.089,6.35899209945809
1.0890900000000001,6.359012626717572
1.08918,6.35902763706198
1.08927,6.359027002791955
1.08936,6.3590648042594005
1.08945,6.359090195604865
1.0895400000000002,6.359073031163885
1.08963,6.359091997050914
1.08972,6.359116161902103
1.0898100000000002,6.359145221098305
1.0899,6.359175626634994
1.08999,6.3591826403604035
1.0900800000000002,6.359177331285653
1.09017,6.359213268957972
1.09026,6.359251457519728
1.0903500000000002,6.359240795228477
1.09044,6.359248079870879
1.09053,6.3592875558217825
1.0906200000000001,6.3593048775760135
1.09071,6.359303178556838
1.0908,6.359347411871906
1.0908900000000001,6.359355705867367
1.09098,6.359368895266579
1.09107,6.3594041408639
1.0911600000000001,6.359416038851724
1.09125,6.359425938734995
1.09134,6.359441948352512
1.0914300000000001,6.359455896683199
1.09152,6.359470269897943
1.09161,6.359501825405367
1.0917000000000001,6.359519821268279
1.09179,6.359527254817574
1.09188,6.359540492363941
1.09197,6.359556279179135
1.09206,6.359566622045225
1.0921500000000002,6.359597470579605
1.09224,6.359631456495189
1.09233,6.359639096339299
1.0924200000000002,6.359660834769639
1.09251,6.359670897827005
1.0926,6.359680855471904
1.0926900000000002,6.359709424687768
1.09278,6.359726678102895
1.09287,6.35972730191993
1.0929600000000002,6.359757458377326
1.09305,6.359801961646059
1.09314,6.359800372074284
1.0932300000000001,6.359811908414016
1.09332,6.359829905659895
1.09341,6.359855163037963
1.0935000000000001,6.359886301727336
1.09359,6.359875571201605
1.09368,6.359876519981199
1.0937700000000001,6.359901140618507
1.09386,6.359934154501563
1.09395,6.359971789731482
1.0940400000000001,6.3599701571632705
1.09413,6.359975982804683
1.09422,6.3600105196808645
1.0943100000000001,6.360031840149561
1.0944,6.360038138834883
1.09449,6.3600488472841805
1.09458,6.3600774581699255
1.09467,6.360105744073576
1.0947600000000002,6.360102757570538
1.09485,6.360133227690752
1.09494,6.36016278065663
1.0950300000000002,6.360166144687763
1.09512,6.3601947163093815
1.09521,6.36020640199973
1.0953000000000002,6.360209358730825
1.09539,6.360228257631916
1.09548,6.360258456779333
1.0955700000000002,6.360273872095352
1.09566,6.36029523210226
1.09575,6.360317675447725
1.0958400000000001,6.360330048634305
1.09593,6.360351358460411
1.09602,6.360362992278328
1.0961100000000001,6.360371257714807
1.0962,6.360391001464701
1.09629,6.3604179981420375
1.0963800000000001,6.360436355044445
1.09647,6.360447547366471
1.09656,6.3604639871421975
1.0966500000000001,6.36048743628441
1.09674,6.360499652853088
1.09683,6.360512423823575
1.0969200000000001,6.360528824796577
1.09701,6.3605519297223685
1.0971,6.36058968979828
1.09719,6.360604940039538
1.09728,6.360614574284913
1.0973700000000002,6.360632519808276
1.09746,6.360646700030213
1.09755,6.360675304342205
1.0976400000000002,6.360682475264402
1.09773,6.3606847216432
1.09782,6.3607144452896405
1.0979100000000002,6.360728462128407
1.098,6.360748449451186
1.09809,6.3607804891241715
1.0981800000000002,6.360796945645747
1.09827,6.360787598702057
1.09836,6.360822670109737
1.0984500000000001,6.360839359994634
1.09854,6.36083721294527
1.09863,6.36088013700496
1.0987200000000001,6.360879193939166
1.09881,6.3608856249636005
1.0989,6.360922335541832
1.0989900000000001,6.36095007826598
1.09908,6.360955838593498
1.09917,6.360975347308123
1.0992600000000001,6.36100256875821
1.09935,6.361013693081828
1.09944,6.361015123118521
1.0995300000000001,6.361038838563322
1.09962,6.361071793839758
1.09971,6.361086831816978
1.0998,6.361086062495953
1.09989,6.361104256488118
1.0999800000000002,6.3611159584986
1.10007,6.361130446484916
1.10016,6.361163183913654
1.1002500000000002,6.3611856326027825
1.10034,6.3612134887241645
1.10043,6.361226056928745
1.1005200000000002,6.3612232157993915
1.10061,6.361240937912238
1.1007,6.361261159513877
1.1007900000000002,6.3612846718125855
1.10088,6.361304298579021
1.10097,6.361314267525812
1.1010600000000001,6.361336512213798
1.10115,6.361344296964945
1.10124,6.361355847301015
1.1013300000000001,6.361387041365565
1.10142,6.361402173702006
1.10151,6.361413501906389
1.1016000000000001,6.361421413716178
1.10169,6.361435269973515
1.10178,6.36146812350913
1.1018700000000001,6.361489104981589
1.10196,6.361501405213269
1.10205,6.361510956260599
1.1021400000000001,6.361526040026144
1.10223,6.36156201350835
1.10232,6.361566094326947
1.1024100000000001,6.361574937450338
1.1025,6.361610089795564
1.10259,6.361612207590242
1.10268,6.361630359833313
1.10277,6.3616550920489425
1.1028600000000002,6.36166883312508
1.10295,6.361679560080158
1.10304,6.3616848814070215
1.1031300000000002,6.361716647640977
1.10322,6.361746557497089
1.10331,6.361744848776572
1.1034000000000002,6.361761699440962
1.10349,6.361780358356642
1.10358,6.361801689099885
1.1036700000000002,6.361820467987408
1.10376,6.361820941813921
1.10385,6.3618515390598
1.1039400000000001,6.361874733813907
1.10403,6.361878233555545
1.10412,6.361895804317138
1.1042100000000001,6.361916379058186
1.1043,6.361938121341157
1.10439,6.361956730067394
1.1044800000000001,6.361964890765163
1.10457,6.3619686009870025
1.10466,6.361999481272297
1.1047500000000001,6.3620190431442545
1.10484,6.362018456958119
1.10493,6.362044122418831
1.1050200000000001,6.3620644115458544
1.10511,6.362084002218535
1.1052,6.362110486204749
1.10529,6.362130598586308
1.10538,6.3621339243846515
1.1054700000000002,6.36215811079151
1.10556,6.362178545862095
1.10565,6.362177887954333
1.1057400000000002,6.362200642599393
1.10583,6.362209807866148
1.10592,6.362233162332366
1.1060100000000002,6.362268061006627
1.1061,6.362270169545528
1.10619,6.362285163294053
1.1062800000000002,6.362303482331537
1.10637,6.362318554870818
1.10646,6.362339580952518
1.1065500000000001,6.362356930534042
1.10664,6.36235883599758
1.10673,6.362374879445414
1.1068200000000001,6.362407708120898
1.10691,6.362414534997786
1.107,6.362432821203279
1.1070900000000001,6.362455626358671
1.10718,6.36246821949999
1.10727,6.36248103488408
1.1073600000000001,6.3625031399864564
1.10745,6.362507584141547
1.10754,6.362516748370848
1.1076300000000001,6.362556649136247
1.10772,6.36258532733726
1.10781,6.362595138853531
1.1079,6.362596854265432
1.10799,6.36260833787095
1.1080800000000002,6.362636005868767
1.10817,6.36265059076749
1.10826,6.362660354449551
1.1083500000000002,6.3626843576118075
1.10844,6.362715324905018
1.10853,6.362721188458059
1.1086200000000002,6.362730822773864
1.10871,6.362746677894526
1.1088,6.362759733313266
1.1088900000000002,6.362786279805462
1.10898,6.362804928294213
1.10907,6.362809701623209
1.1091600000000001,6.362818513217378
1.10925,6.362844205682928
1.10934,6.362861548824303
1.1094300000000001,6.362886193723814
1.10952,6.362909392930072
1.10961,6.362913853593828
1.1097000000000001,6.362931117902333
1.10979,6.362943234742309
1.10988,6.362952635877914
1.1099700000000001,6.362968817258509
1.11006,6.362981308461905
1.11015,6.363000672926609
1.1102400000000001,6.363021226757002
1.11033,6.3630478729003475
1.11042,6.363082797289615
1.11051,6.36307981852071
1.1106,6.363085932440542
1.1106900000000002,6.363103651780836
1.11078,6.363110656122865
1.11087,6.363144457794848
1.1109600000000002,6.363156702188364
1.11105,6.363164250049506
1.11114,6.363190441948005
1.1112300000000002,6.363205332319678
1.11132,6.363225631310417
1.11141,6.363231422143922
1.1115000000000002,6.36323250953579
1.11159,6.363258374607685
1.11168,6.363271539535566
1.1117700000000001,6.363283306465151
1.11186,6.363307437717483
1.11195,6.363329648830494
1.1120400000000001,6.363331240468684
1.11213,6.363358131062146
1.11222,6.3633787754930005
1.1123100000000001,6.3633759903312646
1.1124,6.3633971350402785
1.11249,6.363423865514944
1.1125800000000001,6.3634396723585285
1.11267,6.3634497245645605
1.11276,6.363464141685702
1.1128500000000001,6.363475764046786
1.11294,6.363490696495114
1.11303,6.3635149630753025
1.11312,6.363535774635099
1.11321,6.363537921353166
1.1133000000000002,6.3635698509198955
1.11339,6.36358274058097
1.11348,6.363573325226365
1.1135700000000002,6.363608674391057
1.11366,6.363625968372567
1.11375,6.3636400630774155
1.1138400000000002,6.36366120292475
1.11393,6.363670837722529
1.11402,6.363674358530669
1.1141100000000002,6.363684520363131
1.1142,6.3637052259558144
1.11429,6.36372817667618
1.1143800000000001,6.363743049285163
1.11447,6.363757588487895
1.11456,6.363775689848866
1.1146500000000001,6.363792071029112
1.11474,6.363799826537307
1.11483,6.363805560259932
1.1149200000000001,6.363834257080829
1.11501,6.363858999507924
1.1151,6.363855346966697
1.1151900000000001,6.363875268891028
1.11528,6.36390839439366
1.11537,6.363928023954205
1.1154600000000001,6.363933988881357
1.11555,6.36394959181697
1.11564,6.363969079752918
1.11573,6.36398648261217
1.11582,6.364005749039684
1.1159100000000002,6.364020819201247
1.116,6.364006194968077
1.11609,6.364030119797314
1.1161800000000002,6.364070374970046
1.11627,6.364075189543718
1.11636,6.3640883302753855
1.1164500000000002,6.364103878884233
1.11654,6.3641213281474736
1.11663,6.364138597356348
1.1167200000000002,6.364146353854865
1.11681,6.364159449356402
1.1169,6.364182176825246
1.1169900000000001,6.364192505517697
1.11708,6.364191969501898
1.11717,6.36423862187583
1.1172600000000001,6.36425402982231
1.11735,6.364253253716174
1.11744,6.3642790860296365
1.1175300000000001,6.364288307845202
1.11762,6.36431373474926
1.11771,6.364320937281045
1.1178000000000001,6.364324502266495
1.11789,6.364377520608361
1.11798,6.364374648770913
1.1180700000000001,6.36437987320349
1.11816,6.364409609401326
1.11825,6.364421938983093
1.1183400000000001,6.364455034247653
1.11843,6.364453436781519
1.1185200000000002,6.364450308169713
1.11861,6.364483793635123
1.1187,6.364504200182898
1.1187900000000002,6.364524378074526
1.11888,6.364528037862876
1.11897,6.364533687699674
1.1190600000000002,6.364571318217184
1.11915,6.364569539982496
1.11924,6.364577113215818
1.1193300000000002,6.3646055008465865
1.11942,6.364620491783851
1.11951,6.364636065353053
1.1196000000000002,6.364657605685285
1.11969,6.36468213299014
1.11978,6.36470093819655
1.1198700000000001,6.364705461286871
1.11996,6.364702674508335
1.12005,6.3647239768310255
1.1201400000000001,6.364756382545862
1.12023,6.364768025048239
1.12032,6.364792860166652
1.1204100000000001,6.364791940981572
1.1205,6.364793286484344
1.12059,6.364827604109952
1.1206800000000001,6.364835168961646
1.12077,6.364850750409931
1.12086,6.36487623132228
1.1209500000000001,6.364891015510565
1.12104,6.364898858443555
1.12113,6.364923373773236
1.12122,6.364938100131523
1.12131,6.364944067558592
1.1214000000000002,6.364967040424817
1.12149,6.364988607079692
1.12158,6.365005376116132
1.1216700000000002,6.365009552225082
1.12176,6.365010811776973
1.12185,6.365038036332177
1.1219400000000002,6.365055679052771
1.12203,6.365066124257766
1.12212,6.365079820718531
1.1222100000000002,6.365091729873125
1.1223,6.365114134628549
1.12239,6.365134218613038
1.1224800000000001,6.365143185047366
1.12257,6.365151527691131
1.12266,6.36517343983188
1.1227500000000001,6.365191592284773
1.12284,6.365205971037512
1.12293,6.365222083158484
1.1230200000000001,6.365235933014783
1.12311,6.365261964721026
1.1232,6.365266525782212
1.1232900000000001,6.365255542848645
1.12338,6.365278243899511
1.12347,6.365316012142363
1.1235600000000001,6.365329138644191
1.12365,6.365340496859816
1.12374,6.365368644937261
1.12383,6.365358779513968
1.12392,6.365368437785563
1.1240100000000002,6.3653990059747825
1.1241,6.365418169202593
1.12419,6.365425440038959
1.1242800000000002,6.365433328325671
1.12437,6.365450512681091
1.12446,6.365467673946788
1.1245500000000002,6.365478582668512
1.12464,6.365506365947361
1.12473,6.365521053738001
1.1248200000000002,6.365527284557286
1.12491,6.365544774327898
1.125,6.365556449317488
1.1250900000000001,6.3655676760905076
1.12518,6.365576203440336
1.12527,6.365586967463102
1.1253600000000001,6.365610855722452
1.12545,6.3656273605585065
1.12554,6.365641953690207
1.1256300000000001,6.36565483469888
1.12572,6.365663467957055
1.12581,6.365687941296155
1.1259000000000001,6.3657116899560044
1.12599,6.365715485729221
1.12608,6.365717125630806
1.1261700000000001,6.365754233622341
1.12626,6.365778987679374
1.12635,6.365774555630912
1.12644,6.365772514753682
1.12653,6.365799505176923
1.1266200000000002,6.36581611952028
1.12671,6.365830846784084
1.1268,6.365851242091522
1.1268900000000002,6.365866690390815
1.12698,6.365875879041295
1.12707,6.365892719551048
1.1271600000000002,6.365903989385453
1.12725,6.365906010980828
1.12734,6.365924099056148
1.1274300000000002,6.365942246866968
1.12752,6.365953606681711
1.12761,6.365966295271357
1.1277000000000001,6.365987618432621
1.12779,6.36600690350969
1.12788,6.366008590843138
1.1279700000000001,6.366021387141584
1.12806,6.366056332597799
1.12815,6.366058163910222
1.1282400000000001,6.366076410736023
1.12833,6.366094111728151
1.12842,6.366096832792605
1.1285100000000001,6.366121596324859
1.1286,6.366128037972916
1.12869,6.366135492245669
1.1287800000000001,6.366158019216343
1.12887,6.366178958195766
1.12896,6.36619735990021
1.12905,6.366197354260354
1.12914,6.366203010850206
1.1292300000000002,6.366231248111746
1.12932,6.366243810499334
1.12941,6.366248432940618
1.1295000000000002,6.366274533861244
1.12959,6.366311394581629
1.12968,6.36631692794347
1.1297700000000002,6.366313583201604
1.12986,6.366325984757182
1.12995,6.366343848612847
1.1300400000000002,6.366349439159292
1.13013,6.366362818315361
1.13022,6.366384627308444
1.1303100000000001,6.366406382247855
1.1304,6.366419259519623
1.13049,6.366423148445357
1.1305800000000001,6.366438622676787
1.13067,6.366447349631184
1.13076,6.366460808521597
1.1308500000000001,6.366506592380416
1.13094,6.366518059556967
1.13103,6.3665087315385405
1.1311200000000001,6.366507091433494
1.13121,6.366521430039977
1.1313,6.366551066746773
1.1313900000000001,6.366567822403461
1.13148,6.366577474096003
1.13157,6.366594827991643
1.13166,6.3666113919413565
1.13175,6.366625213434107
1.1318400000000002,6.366637952071982
1.13193,6.366655306327421
1.13202,6.36667537221468
1.1321100000000002,6.36667980707886
1.1322,6.366696950040463
1.13229,6.3667119277274145
1.1323800000000002,6.366712196031152
1.13247,6.366747752055829
1.13256,6.366764582353427
1.1326500000000002,6.36676012674185
1.13274,6.366768400563699
1.13283,6.366791818097587
1.1329200000000001,6.366799044731014
1.13301,6.366825328254697
1.1331,6.366853506301608
1.1331900000000001,6.366841630670803
1.13328,6.366858778719084
1.13337,6.366871802452334
1.1334600000000001,6.366877934119919
1.13355,6.366898705816176
1.13364,6.366914003117795
1.1337300000000001,6.366922616276458
1.13382,6.366938808018516
1.13391,6.36696298470845
1.1340000000000001,6.366975476583258
1.13409,6.366973266175652
1.13418,6.366996661881831
1.1342700000000001,6.367028700779306
1.13436,6.367027799285465
1.1344500000000002,6.36703377638689
1.13454,6.367057596637717
1.13463,6.367067154990921
1.1347200000000002,6.367067811521179
1.13481,6.367109523139909
1.1349,6.367109587826466
1.1349900000000002,6.367104678918697
1.13508,6.3671365383762675
1.13517,6.367167017755072
1.1352600000000002,6.367173188149928
1.13535,6.3671805174314615
1.13544,6.367188697356191
1.1355300000000002,6.367187248877144
1.13562,6.367207941509371
1.13571,6.367245533682933
1.1358000000000001,6.367258700436119
1.13589,6.36724789758444
1.13598,6.367266658503944
1.1360700000000001,6.3672849659797315
1.13616,6.367290122719565
1.13625,6.367295537374463
1.1363400000000001,6.3673171876997765
1.13643,6.3673507698479686
1.13652,6.367366676940806
1.1366100000000001,6.367365088724997
1.1367,6.367368265074203
1.13679,6.367380833236919
1.1368800000000001,6.367395285412472
1.13697,6.367416075691951
1.1370600000000002,6.367443302869506
1.13715,6.367459806121494
1.13724,6.3674546945805375
1.1373300000000002,6.3674641246266965
1.13742,6.367483893303527
1.13751,6.367488007968429
1.1376000000000002,6.36751500187084
1.13769,6.367526322569507
1.13778,6.367528003973909
1.1378700000000002,6.367549166956098
1.13796,6.367569112512915
1.13805,6.367569534155909
1.1381400000000002,6.367567878746039
1.13823,6.3675910172123915
1.13832,6.36763135475316
1.1384100000000001,6.367634182365786
1.1385,6.367631228282746
1.13859,6.367644807416072
1.1386800000000001,6.367659892730013
1.13877,6.367677111806874
1.13886,6.367703356866751
1.1389500000000001,6.367716173877022
1.13904,6.367708301030334
1.13913,6.367716187647691
1.1392200000000001,6.3677394906359925
1.13931,6.367758907516464
1.1394,6.367771405118459
1.1394900000000001,6.367788406077193
1.13958,6.367798231214681
1.13967,6.3677966934432435
1.13976,6.367803625587875
1.13985,6.36783306630189
1.1399400000000002,6.367859044913644
1.14003,6.367865094883443
1.14012,6.3678734318820975
1.1402100000000002,6.367889405911639
1.1403,6.367886606016552
1.14039,6.36790444990135
1.1404800000000002,6.3679322755681
1.14057,6.367942908489669
1.14066,6.36794126770924
1.1407500000000002,6.367958717960175
1.14084,6.367965480274563
1.14093,6.367973979301908
1.1410200000000001,6.368002064930994
1.14111,6.368010302061707
1.1412,6.368042684759314
1.1412900000000001,6.368054878688686
1.14138,6.368033790447859
1.14147,6.368052691877434
1.1415600000000001,6.368072877175407
1.14165,6.36808562754559
1.14174,6.368106586833286
1.1418300000000001,6.368132410726298
1.14192,6.368129848017312
1.14201,6.368126706030125
1.1421000000000001,6.368140530500415
1.14219,6.368163714166566
1.14228,6.368185707192446
1.14237,6.368197073946038
1.14246,6.368209116730946
1.1425500000000002,6.368224270643167
1.14264,6.368231518467414
1.14273,6.368245571629667
1.1428200000000002,6.368262563317702
1.14291,6.368270766134056
1.143,6.368273612908056
1.1430900000000002,6.3682930375102735
1.14318,6.3683143494317775
1.14327,6.3683282081276875
1.1433600000000002,6.3683380113683095
1.14345,6.368346292242928
1.14354,6.36835012234601
1.1436300000000001,6.36836128915448
1.14372,6.368381973266726
1.14381,6.368399106943769
1.1439000000000001,6.368412339532654
1.14399,6.368426799393455
1.14408,6.368432894980988
1.1441700000000001,6.368434448721947
1.14426,6.368464999419366
1.14435,6.368478725346274
1.1444400000000001,6.368486361437763
1.14453,6.368506490460629
1.14462,6.368513544064381
1.1447100000000001,6.3685280014451475
1.1448,6.368547755373253
1.14489,6.368560261250134
1.14498,6.368567143786289
1.14507,6.368584641436653
1.1451600000000002,6.368601638721463
1.14525,6.368603024446896
1.14534,6.36860377764387
1.1454300000000002,6.368638929646634
1.14552,6.368659642039806
1.14561,6.368660060590328
1.1457000000000002,6.368664086822054
1.14579,6.368677536647025
1.14588,6.36868953452683
1.1459700000000002,6.368694839134731
1.14606,6.368712553126582
1.14615,6.368747288266846
1.1462400000000001,6.368749951256034
1.14633,6.368761678241179
1.14642,6.368788717963458
1.1465100000000001,6.368797397409336
1.1466,6.368784832426942
1.14669,6.368800543529968
1.1467800000000001,6.368830186388171
1.14687,6.368844493808362
1.14696,6.3688536402317855
1.1470500000000001,6.36887840362011
1.14714,6.368885053038877
1.14723,6.368879170952063
1.1473200000000001,6.368896210806796
1.14741,6.3689200725805
1.1475,6.3689345826819705
1.14759,6.368936174427689
1.14768,6.368939951732329
1.1477700000000002,6.368964077930388
1.14786,6.368984318513241
1.14795,6.368994424472843
1.1480400000000002,6.369007917189885
1.14813,6.369030567377348
1.14822,6.369038580295397
1.1483100000000002,6.369036825178425
1.1484,6.369044055140693
1.14849,6.369066014500988
1.1485800000000002,6.3690853862333565
1.14867,6.369095427828674
1.14876,6.369099326658327
1.1488500000000001,6.369103867776998
1.14894,6.36911735237708
1.14903,6.3691483300253156
1.1491200000000001,6.3691603668694095
1.14921,6.3691617473218045
1.1493,6.3691845748289895
1.1493900000000001,6.369179556922008
1.14948,6.36919670712804
1.14957,6.369228749419239
1.1496600000000001,6.369236472160419
1.14975,6.369245830798484
1.14984,6.369250976567755
1.1499300000000001,6.369254478051261
1.15002,6.369265829653293
1.15011,6.369286211533501
1.1502000000000001,6.369307480303702
1.15029,6.369323213230757
1.1503800000000002,6.369330400220019
1.15047,6.369335505554128
1.15056,6.3693523778423
1.1506500000000002,6.369355747791447
1.15074,6.369362617074008
1.15083,6.369392171502872
1.1509200000000002,6.369411501081957
1.15101,6.369418322587312
1.1511,6.369425057198525
1.1511900000000002,6.369434377222074
1.15128,6.369441422384716
1.15137,6.369458951277287
1.1514600000000002,6.3694752208333565
1.15155,6.369484386116133
1.15164,6.369496264173421
1.1517300000000001,6.369515221732733
1.15182,6.36952250730577
1.15191,6.369528589960862
1.1520000000000001,6.369545385923605
1.15209,6.369558985763565
1.15218,6.369578935327895
1.1522700000000001,6.36959619641677
1.15236,6.369601612382818
1.15245,6.369604866414653
1.1525400000000001,6.369621478139331
1.15263,6.36962739573638
1.15272,6.36963375371646
1.1528100000000001,6.3696604730800015
1.1529,6.3696771309742655
1.1529900000000002,6.3696888093709845
1.15308,6.369694013185094
1.15317,6.3696879899119265
1.1532600000000002,6.36968763434033
1.15335,6.369729147239604
1.15344,6.36974781039798
1.1535300000000002,6.369744355318204
1.15362,6.369776120475226
1.15371,6.3697833840753555
1.1538000000000002,6.369791542860807
1.15389,6.369801341514916
1.15398,6.369800968140542
1.1540700000000002,6.369819719821005
1.15416,6.369832570960632
1.15425,6.369846493236879
1.1543400000000001,6.369867757219761
1.15443,6.369877684301145
1.15452,6.36988470763118
1.1546100000000001,6.369886925515558
1.1547,6.369894288517125
1.15479,6.369917560624952
1.1548800000000001,6.369934888673915
1.15497,6.36994040516359
1.15506,6.369964024327656
1.1551500000000001,6.369998645960428
1.15524,6.369984188655538
1.15533,6.369985850395721
1.1554200000000001,6.37000418875658
1.15551,6.370012488253379
1.1556000000000002,6.370021633898232
1.15569,6.3700549111774425
1.15578,6.370071121016237
1.1558700000000002,6.370063182648411
1.15596,6.3700663035365395
1.15605,6.370085840704101
1.1561400000000002,6.370096786210672
1.15623,6.370112002543352
1.15632,6.370140889543418
1.1564100000000002,6.370153459967647
1.1565,6.370151838214445
1.15659,6.370148089544391
1.1566800000000002,6.370160991010945
1.15677,6.37019549989966
1.15686,6.370215389592439
1.1569500000000001,6.370218603306423
1.15704,6.37021842198443
1.15713,6.370229059638361
1.1572200000000001,6.370253426887606
1.15731,6.370250997269665
1.1574,6.370271997052911
1.1574900000000001,6.37031264595374
1.15758,6.370284672374847
1.15767,6.3703025555598245
1.1577600000000001,6.370327589847282
1.15785,6.370327593533492
1.15794,6.370341608665791
1.1580300000000001,6.3703518574596485
1.15812,6.370375104848588
1.1582100000000002,6.370399148418368
1.1583,6.370399786001449
1.15839,6.370394316803957
1.1584800000000002,6.370413286907193
1.15857,6.370431964978636
1.15866,6.370436232137614
1.1587500000000002,6.370451875790072
1.15884,6.370463912857869
1.15893,6.370476013447321
1.1590200000000002,6.370489437361194
1.15911,6.370502271469581
1.1592,6.370524449951412
1.1592900000000002,6.3705264116502
1.15938,6.370524361036796
1.15947,6.3705428087853555
1.1595600000000001,6.370561155548977
1.15965,6.37058205552418
1.15974,6.37059845399174
1.1598300000000001,6.370602993019363
1.15992,6.370602693218546
1.16001,6.370613695466024
1.1601000000000001,6.370632966803213
1.16019,6.370646164840301
1.16028,6.370650309222865
1.1603700000000001,6.370665230471115
1.16046,6.37069133798253
1.16055,6.370696584713312
1.1606400000000001,6.370686901202357
1.16073,6.370712264546828
1.16082,6.370722585684887
1.16091,6.370737195984414
1.161,6.370760609604081
1.1610900000000002,6.370761069365939
1.16118,6.370767930955791
1.16127,6.370779507941268
1.1613600000000002,6.370790768699486
1.16145,6.370805383872045
1.16154,6.370823889149485
1.1616300000000002,6.370839081395779
1.16172,6.370839703518773
1.16181,6.37083510639337
1.1619000000000002,6.370853552054523
1.16199,6.370890344146922
1.16208,6.370919677000942
1.1621700000000001,6.370918885453356
1.16226,6.370897848833865
1.16235,6.370903665435499
1.1624400000000001,6.370919549711221
1.16253,6.370934253603654
1.16262,6.370956931995613
1.1627100000000001,6.370984187684528
1.1628,6.37098376432846
1.16289,6.370990104813343
1.1629800000000001,6.371007482772137
1.16307,6.370990997225355
1.16316,6.370997125660512
1.1632500000000001,6.371032997184657
1.16334,6.371061850803634
1.16343,6.37106680586215
1.16352,6.371085632878728
1.16361,6.371094391076271
1.1637000000000002,6.371086528611458
1.16379,6.371090499581233
1.16388,6.371124726533179
1.1639700000000002,6.371140059843015
1.16406,6.371141445542549
1.16415,6.371147913247238
1.1642400000000002,6.371156348028451
1.16433,6.371170529924444
1.16442,6.371177919919524
1.1645100000000002,6.371194040633999
1.1646,6.371226468402185
1.16469,6.371227269607713
1.1647800000000001,6.371219800321653
1.16487,6.3712281417768875
1.16496,6.371246556736373
1.1650500000000001,6.371259131277407
1.16514,6.371282963327742
1.16523,6.371301462034622
1.1653200000000001,6.371305789688575
1.16541,6.371310079843675
1.1655,6.371315417995621
1.1655900000000001,6.371339586590114
1.16568,6.37135600081025
1.16577,6.371348247995417
1.1658600000000001,6.371369110512826
1.16595,6.371383493600946
1.16604,6.371398520745468
1.16613,6.37141734312193
1.16622,6.371409715320981
1.1663100000000002,6.371420590435244
1.1664,6.371439501932403
1.16649,6.371451373484957
1.1665800000000002,6.37146408278022
1.16667,6.371475137508382
1.16676,6.371489349373565
1.1668500000000002,6.371504046486793
1.16694,6.371514095412301
1.16703,6.371522479144728
1.1671200000000002,6.371528686571396
1.16721,6.371531561692294
1.1673,6.371543669143437
1.1673900000000001,6.371574253005136
1.16748,6.371585551062419
1.16757,6.371585588041431
1.1676600000000001,6.371603631030195
1.16775,6.371637212151249
1.16784,6.371638343624607
1.1679300000000001,6.37162982035959
1.16802,6.3716416615843015
1.16811,6.371669724063397
1.1682000000000001,6.371683853132888
1.16829,6.371683260580535
1.16838,6.371692794771278
1.1684700000000001,6.371715862480613
1.16856,6.371731821361154
1.16865,6.371746954433157
1.1687400000000001,6.371757855788719
1.16883,6.371759119252719
1.1689200000000002,6.3717596544443404
1.16901,6.3717789325007645
1.1691,6.3717940907271595
1.1691900000000002,6.371807905542731
1.16928,6.3718238354538785
1.16937,6.371824786358647
1.1694600000000002,6.371833146603204
1.16955,6.371853737554959
1.16964,6.371863352539768
1.1697300000000002,6.371861158374902
1.16982,6.371908422762144
1.16991,6.371919768814023
1.1700000000000002,6.371910190680246
1.17009,6.371939134938467
1.17018,6.371943918558042
1.1702700000000001,6.371941957560162
1.17036,6.371958135622958
1.17045,6.371982887853312
1.1705400000000001,6.371991745255754
1.17063,6.372004505577234
1.17072,6.372016186669724
1.1708100000000001,6.372020120753804
1.1709,6.372027152141989
1.17099,6.372048951494013
1.1710800000000001,6.372058466733993
1.17117,6.372064219129165
1.17126,6.372077624297502
1.1713500000000001,6.372074236443432
1.17144,6.372091332956565
1.1715300000000002,6.3721098143235055
1.17162,6.372118793690745
1.17171,6.372145527910005
1.1718000000000002,6.372162101432725
1.17189,6.3721662124406375
1.17198,6.372171703219709
1.1720700000000002,6.372183312067869
1.17216,6.3721916634715825
1.17225,6.372212645735701
1.1723400000000002,6.372228022168622
1.17243,6.372235809900807
1.17252,6.372269890749297
1.1726100000000002,6.3722644079098805
1.1727,6.372251321840669
1.17279,6.372272210428274
1.1728800000000001,6.372301757512858
1.17297,6.372306979691353
1.17306,6.372299204342581
1.1731500000000001,6.372308747938793
1.17324,6.372343373157148
1.17333,6.372368736325504
1.1734200000000001,6.372363549283718
1.17351,6.372365447423474
1.1736,6.372388055594453
1.1736900000000001,6.372391497835635
1.17378,6.3724154473938395
1.17387,6.372428672874111
1.1739600000000001,6.372427489807277
1.17405,6.372447708854785
1.1741400000000002,6.3724554967650455
1.17423,6.372467347975515
1.17432,6.372479489051761
1.1744100000000002,6.372481347817584
1.1745,6.372500985778818
1.17459,6.372533051673552
1.1746800000000002,6.372524160511504
1.17477,6.372506110808561
1.17486,6.3725624687474935
1.1749500000000002,6.372553668346595
1.17504,6.372560429902938
1.17513,6.372611493350219
1.1752200000000002,6.372615449383696
1.17531,6.372593038448713
1.1754,6.372605900503738
1.1754900000000001,6.3726340125656264
1.17558,6.3726382861658895
1.17567,6.37264982496889
1.1757600000000001,6.3726715197707176
1.17585,6.3726758017517895
1.17594,6.37267217175157
1.1760300000000001,6.372695657219139
1.17612,6.372700163203729
1.17621,6.37271059359046
1.1763000000000001,6.372739788579648
1.17639,6.372757243725071
1.17648,6.3727481594527475
1.1765700000000001,6.372759550324546
1.17666,6.37278399109738
1.1767500000000002,6.372791614853392
1.17684,6.372798448658993
1.17693,6.372827088246576
1.1770200000000002,6.3728341200944
1.17711,6.372826154124006
1.1772,6.372859666418877
1.1772900000000002,6.372883206020042
1.17738,6.372870020033085
1.17747,6.372861505393445
1.1775600000000002,6.372886523586572
1.17765,6.37289235047696
1.17774,6.372916696246609
1.1778300000000002,6.372941373893107
1.17792,6.372937232352996
1.17801,6.372937633751165
1.1781000000000001,6.372973113024086
1.17819,6.372999284646979
1.17828,6.372992099142077
1.1783700000000001,6.37298366668539
1.17846,6.372995672914295
1.17855,6.373024495091886
1.1786400000000001,6.3730442975834105
1.17873,6.373043629804701
1.17882,6.373048037362874
1.1789100000000001,6.373058476942771
1.179,6.373076783827432
1.17909,6.373099252890112
1.1791800000000001,6.373109241398944
1.17927,6.373099348886175
1.17936,6.373112886995114
1.17945,6.373147562238085
1.17954,6.3731614880094405
1.1796300000000002,6.373168199789018
1.17972,6.373175569517257
1.17981,6.373182123443344
1.1799000000000002,6.37318801217824
1.17999,6.3732039365017235
1.18008,6.3732403295612485
1.1801700000000002,6.373235474776158
1.18026,6.3732162450462635
1.18035,6.37326901915746
1.1804400000000002,6.373262103183231
1.18053,6.373257665598399
1.18062,6.373283995426452
1.1807100000000001,6.373290488299901
1.1808,6.37329898840331
1.18089,6.373312237342042
1.1809800000000001,6.373344113006519
1.18107,6.373374527681992
1.18116,6.373355370649885
1.1812500000000001,6.373366715092295
1.18134,6.373389378587386
1.18143,6.3733924284859516
1.1815200000000001,6.373404523462936
1.18161,6.373436456740634
1.1817,6.373418466288832
1.1817900000000001,6.373407360140695
1.18188,6.373468143737784
1.18197,6.373475252160273
1.18206,6.37345838138044
1.18215,6.373468710032835
1.1822400000000002,6.373505480144105
1.18233,6.373527523077972
1.18242,6.373520897945258
1.1825100000000002,6.373527494786037
1.1826,6.373542382452605
1.18269,6.373537088413572
1.1827800000000002,6.373573852163615
1.18287,6.373586293877556
1.18296,6.373589686008722
1.1830500000000002,6.373624162053907
1.18314,6.373621897019331
1.18323,6.373620024355675
1.1833200000000001,6.3736330579837635
1.18341,6.373649960561176
1.1835,6.37366523986985
1.1835900000000001,6.373671307582514
1.18368,6.373680784295597
1.18377,6.373694186821402
1.1838600000000001,6.373703637418357
1.18395,6.373722710652676
1.18404,6.373743949621066
1.1841300000000001,6.373754481478912
1.18422,6.373755783027279
1.18431,6.373763502626239
1.1844000000000001,6.37377375340338
1.18449,6.373786918067124
1.18458,6.37380605674703
1.1846700000000001,6.373824651573811
1.18476,6.37382447938327
1.1848500000000002,6.373824914579297
1.18494,6.3738430910273784
1.18503,6.373868461896077
1.1851200000000002,6.373876839179973
1.18521,6.373879632296929
1.1853,6.373890382192287
1.1853900000000002,6.373912712771517
1.18548,6.37393485833553
1.18557,6.373923386137462
1.1856600000000002,6.373936880793195
1.18575,6.373972619690478
1.18584,6.373965311443579
1.1859300000000002,6.373980243279689
1.18602,6.373993216614713
1.18611,6.373993552798944
1.1862000000000001,6.374005714439656
1.18629,6.374027125019013
1.18638,6.374033950026842
1.1864700000000001,6.374043899546838
1.18656,6.374062754234146
1.18665,6.374062469487892
1.1867400000000001,6.374078991878894
1.18683,6.374099997760041
1.18692,6.374105436430805
1.1870100000000001,6.374109800842479
1.1871,6.374139893152005
1.18719,6.37414585060903
1.1872800000000001,6.3741457575058575
1.18737,6.374175000508485
1.1874600000000002,6.374185039954026
1.18755,6.37417665355308
1.18764,6.374185501170989
1.1877300000000002,6.374218042182849
1.18782,6.374236152775165
1.18791,6.374229453951656
1.1880000000000002,6.374235456590299
1.18809,6.3742532146047886
1.18818,6.374254815717292
1.1882700000000002,6.374265443897959
1.18836,6.37429087914238
1.18845,6.3743085426448625
1.1885400000000002,6.374311714769149
1.18863,6.374328440828375
1.18872,6.374344437982562
1.1888100000000001,6.374345755469681
1.1889,6.374353423615733
1.18899,6.374380983617184
1.1890800000000001,6.374359945558493
1.18917,6.3743733461332575
1.18926,6.374417541459211
1.1893500000000001,6.374420110558126
1.18944,6.3744288342804305
1.18953,6.3744484980612315
1.1896200000000001,6.374460432727464
1.18971,6.374458202971891
1.1898,6.374460378405461
1.1898900000000001,6.374484814986909
1.18998,6.374512481684017
1.1900700000000002,6.374524361062628
1.19016,6.374519918846314
1.19025,6.374503243838312
1.1903400000000002,6.374524622111024
1.19043,6.374560576632899
1.19052,6.374568127267902
1.1906100000000002,6.374584939878172
1.1907,6.374577989381511
1.19079,6.374581753804531
1.1908800000000002,6.374611921044578
1.19097,6.374617460324513
1.19106,6.37464100177802
1.1911500000000002,6.374660635460102
1.19124,6.3746610618362265
1.19133,6.374667020746163
1.1914200000000001,6.374682684390972
1.19151,6.374687759617347
1.1916,6.374696092671
1.1916900000000001,6.374718498178943
1.19178,6.374721459906205
1.19187,6.374724037003523
1.1919600000000001,6.3747460993746845
1.19205,6.374773518503892
1.19214,6.374777863746113
1.1922300000000001,6.374779556594445
1.19232,6.374783955928043
1.19241,6.374800339583494
1.1925000000000001,6.374824070092083
1.19259,6.37481695978258
1.1926800000000002,6.374846469066805
1.19277,6.374876849223188
1.19286,6.37486152727578
1.1929500000000002,6.374867772398771
1.19304,6.3748787553714
1.19313,6.37490240097718
1.1932200000000002,6.374927209448103
1.19331,6.374919509205512
1.1934,6.37491982505337
1.1934900000000002,6.374938088654053
1.19358,6.374955226368694
1.19367,6.374962150632895
1.1937600000000002,6.3749809016495895
1.19385,6.37499811955497
1.19394,6.374994320075061
1.1940300000000001,6.374992390066373
1.19412,6.375035772469837
1.19421,6.37505969717368
1.1943000000000001,6.37505827458101
1.19439,6.375063236858332
1.19448,6.375082109046138
1.1945700000000001,6.37508540091956
1.19466,6.375098207913847
1.19475,6.375119221893937
1.1948400000000001,6.375126994451929
1.19493,6.37513543511942
1.19502,6.375152653054972
1.1951100000000001,6.375161871551791
1.1952,6.375162761860996
1.1952900000000002,6.375176585021362
1.19538,6.3751761118505135
1.19547,6.375195597153626
1.1955600000000002,6.375234875342305
1.19565,6.37524910531242
1.19574,6.375247922714144
1.1958300000000002,6.375248812853511
1.19592,6.375259105546177
1.19601,6.375277412910554
1.1961000000000002,6.375298131452796
1.19619,6.375307647825381
1.19628,6.375314178063651
1.1963700000000002,6.375325477207745
1.19646,6.375334864666034
1.19655,6.375344280477094
1.1966400000000001,6.375354457837796
1.19673,6.375371490050128
1.19682,6.3753945921625785
1.1969100000000001,6.375403719360616
1.197,6.375413150976787
1.19709,6.375418884877401
1.1971800000000001,6.37542224961894
1.19727,6.375452518973948
1.19736,6.375490924699535
1.1974500000000001,6.37549315252329
1.19754,6.375477638234338
1.19763,6.375498237877008
1.1977200000000001,6.375503963237115
1.19781,6.375514600972775
1.1979,6.3755393877898605
1.19799,6.375554763677053
1.19808,6.375557780132336
1.1981700000000002,6.375571414376263
1.19826,6.375582740060065
1.19835,6.375578653784446
1.1984400000000002,6.375584971447912
1.19853,6.37561682848611
1.19862,6.375634905197634
1.1987100000000002,6.375635985054153
1.1988,6.375656162804798
1.19889,6.3756724692282525
1.1989800000000002,6.375689279297059
1.19907,6.375698411574323
1.19916,6.375694378020951
1.1992500000000001,6.375706892495167
1.19934,6.375736234876697
1.19943,6.3757566805147885
1.1995200000000001,6.375759139149127
1.19961,6.3757630458891255
1.1997,6.375767703488633
1.1997900000000001,6.375781038176159
1.19988,6.375803057075433
1.19997,6.375818139838413
1.2000600000000001,6.37581536385137
1.20015,6.375825874579125
1.20024,6.375845645751001
1.2003300000000001,6.375856331761148
1.20042,6.375871614494886
1.20051,6.37588586594763
1.2006000000000001,6.375895529620571
1.20069,6.3759078151483095
1.2007800000000002,6.375926782054742
1.20087,6.375931114171076
1.20096,6.375929555823314
1.2010500000000002,6.375944665520166
1.20114,6.375972289616714
1.20123,6.375973007902693
1.2013200000000002,6.375983634515237
1.20141,6.376002521133949
1.2015,6.376013572968398
1.2015900000000002,6.376034494841697
1.20168,6.3760445078454255
1.20177,6.376047176518513
1.2018600000000002,6.3760572530899955
1.20195,6.376073725342352
1.20204,6.376081568319067
1.2021300000000001,6.3761025606583805
1.20222,6.376121699384488
1.20231,6.3761206656980445
1.2024000000000001,6.376140087681062
1.20249,6.376140261357454
1.20258,6.376145708871419
1.2026700000000001,6.376172918241625
1.20276,6.376172128819507
1.20285,6.376178892024882
1.2029400000000001,6.376188470823666
1.20303,6.376201237555261
1.20312,6.376231708470224
1.2032100000000001,6.376247985822569
1.2033,6.376254173273384
1.2033900000000002,6.376262785582642
1.20348,6.376270277312341
1.20357,6.376270089205458
1.2036600000000002,6.376306523345121
1.20375,6.376338661843026
1.20384,6.376330852982315
1.2039300000000002,6.376326397047065
1.20402,6.376341337143147
1.20411,6.376358306378055
1.2042000000000002,6.376370205479892
1.20429,6.376384556670089
1.20438,6.37639362060928
1.2044700000000002,6.376400027577117
1.20456,6.376412940306674
1.20465,6.376431793106359
1.2047400000000001,6.3764425120257275
1.20483,6.376449779412995
1.20492,6.376458014691931
1.2050100000000001,6.376476809582922
1.2051,6.37650610217382
1.20519,6.376504677334198
1.2052800000000001,6.3765079313476045
1.20537,6.3765300148545645
1.20546,6.376541019268586
1.2055500000000001,6.376537348800579
1.20564,6.376555287908174
1.20573,6.376578331194243
1.2058200000000001,6.376591138784601
1.20591,6.376620134389186
1.2060000000000002,6.376608940828529
1.20609,6.376604849069964
1.20618,6.376640345719724
1.2062700000000002,6.376666856267187
1.20636,6.376666927060889
1.20645,6.376670080892512
1.2065400000000002,6.376691558979504
1.20663,6.376708037144548
1.20672,6.376694431560315
1.2068100000000002,6.376710536326267
1.2069,6.376739234355069
1.20699,6.376745319836665
1.2070800000000002,6.37675558493382
1.20717,6.376777583282877
1.20726,6.3767848155621145
1.2073500000000001,6.376787586730235
1.20744,6.376813008834654
1.20753,6.376816491127585
1.2076200000000001,6.376829455615142
1.20771,6.376848617326869
1.2078,6.376850602562163
1.2078900000000001,6.376861423210427
1.20798,6.376876910877726
1.20807,6.376901160293262
1.2081600000000001,6.3769199662694245
1.20825,6.376910100320658
1.20834,6.376922443155497
1.2084300000000001,6.376941877901692
1.20852,6.376958555426496
1.2086100000000002,6.37698000368963
1.2087,6.376976360269871
1.20879,6.376986572552096
1.2088800000000002,6.377012922206748
1.20897,6.377023445271085
1.20906,6.377018806666229
1.2091500000000002,6.377041313557616
1.20924,6.377057223480618
1.20933,6.377055765237877
1.2094200000000002,6.377085621236064
1.20951,6.37712035329801
1.2096,6.377119553206172
1.2096900000000002,6.3771000596726815
1.20978,6.377109717879082
1.20987,6.377143355875249
1.2099600000000001,6.377154218618152
1.21005,6.377150255506865
1.21014,6.377162247376754
1.2102300000000001,6.377187294326843
1.21032,6.377220111819723
1.21041,6.377227238835442
1.2105000000000001,6.377218570177587
1.21059,6.3772411257896255
1.21068,6.377268806105468
1.2107700000000001,6.377267236915013
1.21086,6.377261565434371
1.21095,6.377283979722359
1.2110400000000001,6.377296615977687
1.21113,6.377300813963213
1.2112200000000002,6.377317188825555
1.21131,6.377344967821036
1.2114,6.377356910840733
1.2114900000000002,6.377355011532442
1.21158,6.377358338151418
1.21167,6.37737019780215
1.2117600000000002,6.377382237050978
1.21185,6.377405651365273
1.21194,6.377428474637697
1.2120300000000002,6.377435192048517
1.21212,6.377433108308762
1.21221,6.377448380466895
1.2123000000000002,6.377461389459497
1.21239,6.377479076418627
1.21248,6.377499433278065
1.2125700000000001,6.3775006300634285
1.21266,6.377517687915662
1.21275,6.377535759119712
1.2128400000000001,6.377544455852627
1.21293,6.377555489700064
1.21302,6.377562924866543
1.2131100000000001,6.377570460433208
1.2132,6.377575631406208
1.21329,6.377587285880331
1.2133800000000001,6.377624903829074
1.21347,6.377641911424493
1.21356,6.377640807671742
1.2136500000000001,6.377641407350888
1.21374,6.37764529611162
1.2138300000000002,6.377664785363748
1.21392,6.3776963072268495
1.21401,6.377711560607742
1.2141000000000002,6.3777025635008915
1.21419,6.377715668838427
1.21428,6.3777241175706925
1.2143700000000002,6.377734750963291
1.21446,6.3777571466722405
1.21455,6.377764154623571
1.2146400000000002,6.377783446350506
1.21473,6.377796026502016
1.21482,6.377802467340496
1.2149100000000002,6.377825399134076
1.215,6.377819672567347
1.21509,6.377830592646252
1.2151800000000001,6.377860714407276
1.21527,6.377870545942654
1.21536,6.37787067187774
1.2154500000000001,6.377877214277331
1.21554,6.377900505582488
1.21563,6.3779196880940106
1.2157200000000001,6.3779088705814955
1.21581,6.377930367709572
1.2159,6.377964767286757
1.2159900000000001,6.377985708131058
1.21608,6.37799577263766
1.21617,6.377979661066443
1.2162600000000001,6.377982341989415
1.21635,6.378007063565483
1.21644,6.378024900352682
1.2165300000000001,6.378037522619481
1.21662,6.378048823964212
1.2167100000000002,6.378076866389731
1.2168,6.378100533188677
1.21689,6.37807903175389
1.2169800000000002,6.378079349509325
1.21707,6.378100953950473
1.21716,6.378116996221839
1.2172500000000002,6.37812313315021
1.21734,6.378134956050502
1.21743,6.378160346137045
1.2175200000000002,6.378179609259742
1.21761,6.378184928869541
1.2177,6.378201365933328
1.2177900000000002,6.378206505843149
1.21788,6.3782093618507
1.21797,6.378229987473063
1.2180600000000001,6.37826132234882
1.21815,6.378273710192802
1.21824,6.378284006335554
1.2183300000000001,6.378293112714908
1.21842,6.378289411210275
1.21851,6.378298115580181
1.2186000000000001,6.3783225560073395
1.21869,6.378340975221053
1.21878,6.378341426128184
1.2188700000000001,6.378344977721445
1.21896,6.378371320897166
1.21905,6.378391404177108
1.2191400000000001,6.378397773552755
1.21923,6.378414902659183
1.2193200000000002,6.378425590789252
1.21941,6.378447524438596
1.2195,6.378458035663046
1.2195900000000002,6.378442705703762
1.21968,6.37846649443392
1.21977,6.378498628450905
1.2198600000000002,6.378505318421383
1.21995,6.378501687046518
1.22004,6.378522814591793
1.2201300000000002,6.378534707240972
1.22022,6.378539483220215
1.22031,6.37855384875433
1.2204000000000002,6.378574509694602
1.22049,6.378583426342394
1.22058,6.3786027945416635
1.2206700000000001,6.3786175446578115
1.22076,6.378616299135329
1.22085,6.378641473745543
1.2209400000000001,6.378654275784748
1.22103,6.3786674959462974
1.22112,6.3786870861162255
1.2212100000000001,6.378682959943341
1.2213,6.378698292618616
1.22139,6.378714053638191
1.2214800000000001,6.378731882804804
1.22157,6.378764034738207
1.22166,6.3787575650310675
1.2217500000000001,6.37876746268249
1.22184,6.378777475590361
1.2219300000000002,6.3787639287838305
1.22202,6.378790157402257
1.22211,6.378825911062184
1.2222000000000002,6.378845234349924
1.22229,6.378848059483905
1.22238,6.378847259519176
1.2224700000000002,6.378855498723245
1.22256,6.378872445625931
1.22265,6.378896281560865
1.2227400000000002,6.3789199113654655
1.22283,6.378927162118409
1.22292,6.378934328810474
1.2230100000000002,6.378938057131401
1.2231,6.37894486363848
1.22319,6.378978171379826
1.2232800000000001,6.378984544495589
1.22337,6.378981308403049
1.22346,6.378995739792507
1.2235500000000001,6.37902127772259
1.22364,6.379054173201175
1.22373,6.37905748965787
1.2238200000000001,6.379048138457964
1.22391,6.379064102210255
1.224,6.379083959799553
1.2240900000000001,6.379094249276052
1.22418,6.379106340690885
1.22427,6.379124300667189
1.2243600000000001,6.379134143241908
1.22445,6.379149714655461
1.2245400000000002,6.379176523797126
1.22463,6.379191276579785
1.22472,6.3791774817470435
1.2248100000000002,6.379176767688515
1.2249,6.379191945442358
1.22499,6.379211544460873
1.2250800000000002,6.379226579113894
1.22517,6.379238576363067
1.22526,6.379276103288081
1.2253500000000002,6.379292222645441
1.22544,6.379277040088008
1.22553,6.379294422842469
1.2256200000000002,6.379316117752456
1.22571,6.379308480843176
1.2258,6.3793106788746385
1.2258900000000001,6.379362117780598
1.22598,6.379385860401491
1.22607,6.3793789536414085
1.2261600000000001,6.379376979049213
1.22625,6.379396856909548
1.22634,6.37941810621755
1.2264300000000001,6.379430144034336
1.22652,6.379435837672992
1.22661,6.379440230245132
1.2267000000000001,6.379448568166744
1.22679,6.379473757691618
1.22688,6.37950800532113
1.2269700000000001,6.379522611023477
1.22706,6.379515136863964
1.2271500000000002,6.379533138306291
1.22724,6.379537256572883
1.22733,6.379532711601232
1.2274200000000002,6.379549641200824
1.22751,6.379577675949086
1.2276,6.37958957001589
1.2276900000000002,6.379606921817497
1.22778,6.379622595811622
1.22787,6.379611738722918
1.2279600000000002,6.379631041800302
1.22805,6.379636279605295
1.22814,6.379636989381117
1.2282300000000002,6.379674767590881
1.22832,6.37970846934545
1.22841,6.379708437569664
1.2285000000000001,6.379705713903835
1.22859,6.3797302585317155
1.22868,6.379756907306711
1.2287700000000001,6.3797500501600695
1.22886,6.37975693789723
1.22895,6.379788460576383
1.2290400000000001,6.379796137635157
1.22913,6.3797836641552905
1.22922,6.379812330422689
1.2293100000000001,6.3798441730143285
1.2294,6.379836550826131
1.22949,6.379858326032373
1.2295800000000001,6.3798690779141625
1.22967,6.379871013280896
1.2297600000000002,6.37987788177515
1.22985,6.379883912822374
1.22994,6.379922595972459
1.2300300000000002,6.379936621262733
1.23012,6.379933407816063
1.23021,6.379964014164182
1.2303000000000002,6.379974405524498
1.23039,6.3799724405805405
1.23048,6.379986473946778
1.2305700000000002,6.380009319426045
1.23066,6.380003962844299
1.23075,6.380004665025036
1.2308400000000002,6.3800394421209585
1.23093,6.380078456037157
1.23102,6.380080084086737
1.2311100000000001,6.380094105136738
1.2312,6.380097204782897
1.23129,6.3800891738922685
1.2313800000000001,6.38010440103517
1.23147,6.380139695589823
1.23156,6.380166019019041
1.2316500000000001,6.380168586603519
1.23174,6.380167481414199
1.23183,6.380191598360464
1.2319200000000001,6.380205550233038
1.23201,6.38021145715025
1.2321,6.380215265392838
1.2321900000000001,6.3802141583930965
1.23228,6.380233421881437
1.2323700000000002,6.380259120827561
1.23246,6.380277067238607
1.23255,6.380287202127224
1.2326400000000002,6.380295288248274
1.23273,6.380319941506525
1.23282,6.380340521825867
1.2329100000000002,6.380338011129867
1.233,6.380333125917962
1.23309,6.380349169101681
1.2331800000000002,6.380373355269542
1.23327,6.380386669080468
1.23336,6.380396571480033
1.2334500000000002,6.38043132586869
1.23354,6.380449487831838
1.23363,6.38044573689817
1.2337200000000001,6.380442887945462
1.23381,6.380443198361035
1.2339,6.3804772436265385
1.2339900000000001,6.380507003710272
1.23408,6.380502488889696
1.23417,6.380498807924171
1.2342600000000001,6.380526672722164
1.23435,6.38055908955402
1.23444,6.380571449789191
1.2345300000000001,6.380572412703024
1.23462,6.380582703419974
1.23471,6.3805974175866
1.2348000000000001,6.380610524392585
1.23489,6.380623747425055
1.2349800000000002,6.380641525671445
1.2350700000000001,6.380661499633966
1.23516,6.380659448803129
1.2352500000000002,6.380652900802063
1.23534,6.380683269289128
1.23543,6.380705680300196
1.2355200000000002,6.380709145023366
1.23561,6.380715241736441
1.2357,6.38073961253933
1.2357900000000002,6.380764587094169
1.23588,6.380774363161266
1.23597,6.3807835982233945
1.2360600000000002,6.380800344793691
1.23615,6.380804706604567
1.23624,6.380804452032942
1.2363300000000002,6.380819123868083
1.23642,6.3808410387898
1.23651,6.380854342815043
1.2366000000000001,6.380885817463612
1.23669,6.380890460234557
1.23678,6.380885221457711
1.2368700000000001,6.380907625363794
1.23696,6.380918331599085
1.23705,6.380940791885323
1.2371400000000001,6.380945517919287
1.23723,6.3809324855102085
1.23732,6.380962449547896
1.2374100000000001,6.380992232899665
1.2375,6.381009207803033
1.23759,6.381015549231371
1.2376800000000001,6.381017226528485
1.23777,6.381038988964329
1.2378600000000002,6.381060586879194
1.23795,6.381074941060993
1.23804,6.381087254218229
1.2381300000000002,6.3810909831736025
1.23822,6.381094762281626
1.23831,6.381100916080795
1.2384000000000002,6.381113007201873
1.23849,6.381134088500379
1.23858,6.381147412682433
1.2386700000000002,6.381168327584171
1.23876,6.38118817322354
1.23885,6.381188361440062
1.2389400000000002,6.38119748716029
1.23903,6.381219040285643
1.23912,6.3812392037387
1.2392100000000001,6.381251180355041
1.2393,6.381263886568653
1.23939,6.3812766422204055
1.2394800000000001,6.381289699575086
1.23957,6.381300974887917
1.23966,6.3813079753844955
1.2397500000000001,6.381317307475389
1.23984,6.381326748975879
1.23993,6.381333276688689
1.2400200000000001,6.381345077146544
1.24011,6.3813747861938825
1.2402,6.381390503624954
1.2402900000000001,6.381404449190747
1.24038,6.38142132326651
1.2404700000000002,6.381411468007753
1.24056,6.381425473949541
1.24065,6.381451599695083
1.2407400000000002,6.381464485167803
1.24083,6.381472822893186
1.24092,6.381493749369417
1.2410100000000002,6.381502465386614
1.2411,6.3815148544087625
1.24119,6.381540925480322
1.2412800000000002,6.381531843926906
1.24137,6.3815512832605
1.24146,6.381571162900264
1.2415500000000002,6.381562320072201
1.24164,6.381573012705684
1.24173,6.381594308404127
1.2418200000000001,6.381613943783463
1.24191,6.381626702827919
1.242,6.381637830392809
1.2420900000000001,6.381661728055584
1.24218,6.381679835318634
1.24227,6.381684636883336
1.2423600000000001,6.381683843597138
1.24245,6.381686349061472
1.24254,6.3817104137637095
1.2426300000000001,6.381733639696062
1.24272,6.3817422831141215
1.24281,6.381753419817851
1.2429000000000001,6.381762402763306
1.24299,6.3817749982536895
1.2430800000000002,6.381797720617654
1.24317,6.381816160870528
1.24326,6.3818061697561985
1.2433500000000002,6.381836481017554
1.24344,6.381864890330353
1.24353,6.381852886037871
1.2436200000000002,6.381873884013148
1.24371,6.3818848531235455
1.2438,6.381890087684048
1.2438900000000002,6.381908728986213
1.24398,6.381929743732238
1.24407,6.381938826968603
1.2441600000000002,6.381944575142577
1.24425,6.38195996776268
1.24434,6.381980798619612
1.2444300000000001,6.381986597434006
1.24452,6.381992112229211
1.24461,6.382021308754954
1.2447000000000001,6.382047227438482
1.24479,6.38202373606181
1.24488,6.382044438458641
1.2449700000000001,6.382073110514549
1.24506,6.382083675808374
1.24515,6.382107295133396
1.2452400000000001,6.3821074342485815
1.24533,6.382115321444011
1.24542,6.382136413522008
1.2455100000000001,6.382148131013125
1.2456,6.382156172134984
1.2456900000000002,6.382172888923383
1.24578,6.382186463926887
1.24587,6.382197019175043
1.2459600000000002,6.382221234161131
1.24605,6.382229012076796
1.24614,6.382237669320177
1.2462300000000002,6.38224793258369
1.24632,6.382252314473537
1.24641,6.38229223331122
1.2465000000000002,6.382305468542478
1.24659,6.382299646891667
1.24668,6.382320449358168
1.2467700000000002,6.382345587054128
1.24686,6.3823495832498285
1.24695,6.382361191325994
1.2470400000000001,6.382382045880711
1.24713,6.382378603403251
1.24722,6.382396541208401
1.2473100000000001,6.382423928928037
1.2474,6.382429938863845
1.24749,6.382422674690153
1.2475800000000001,6.382450479407939
1.24767,6.382483160078599
1.24776,6.382491075034988
1.2478500000000001,6.382491802961776
1.24794,6.382518682465827
1.24803,6.382522383487087
1.2481200000000001,6.38253233095738
1.24821,6.382563463003883
1.2483000000000002,6.382574805525978
1.24839,6.38257332450094
1.24848,6.38259394582626
1.2485700000000002,6.382609214979744
1.24866,6.382600335198811
1.24875,6.382637969602309
1.2488400000000002,6.382649481870711
1.24893,6.382641742235368
1.24902,6.3826564594327895
1.2491100000000002,6.382679103089942
1.2492,6.3827064236577575
1.24929,6.382723078710662
1.2493800000000002,6.382731360559024
1.24947,6.3827477797005425
1.24956,6.382763038276977
1.2496500000000001,6.382772329512677
1.24974,6.382778268234118
1.24983,6.3827880823148
1.2499200000000001,6.382806922007418
1.25001,6.382824814443739
1.2501,6.382833561135985
1.2501900000000001,6.382843161524774
1.25028,6.382866453064736
1.25037,6.382877304521331
1.2504600000000001,6.3828935146546675
1.25055,6.382902476967531
1.25064,6.38289023514838
1.2507300000000001,6.382922486809524
1.25082,6.3829454234956335
1.2509100000000002,6.382953211492851
1.2510000000000001,6.382972384777619
1.25109,6.3829851085719
1.2511800000000002,6.383004141891775
1.25127,6.38301981414924
1.25136,6.383027108674504
1.2514500000000002,6.38303794297906
1.25154,6.383043651134371
1.25163,6.383052817483107
1.2517200000000002,6.383073062154557
1.25181,6.383099285967791
1.2519,6.38311937352235
1.2519900000000002,6.383125664159146
1.25208,6.383120073077272
1.25217,6.383123193369699
1.2522600000000002,6.383156744047956
1.25235,6.383184050360661
1.25244,6.383188995872889
1.2525300000000001,6.383190383526625
1.25262,6.383208126636506
1.25271,6.3832222659666344
1.2528000000000001,6.383242883559287
1.25289,6.3832648485065455
1.25298,6.383275029538659
1.2530700000000001,6.383285329646614
1.25316,6.383288180967812
1.25325,6.383293107799959
1.2533400000000001,6.383312192481909
1.25343,6.38333986102575
1.2535200000000002,6.383365602763534
1.2536100000000001,6.383364785606985
1.2537,6.38336260311144
1.2537900000000002,6.38339514328213
1.25388,6.383406051459073
1.25397,6.383406530075171
1.2540600000000002,6.383414855963773
1.25415,6.383433855592529
1.25424,6.383463396341992
1.2543300000000002,6.383484891924319
1.25442,6.383491897642106
1.25451,6.383492708070362
1.2546000000000002,6.383498135719231
1.25469,6.383509469295859
1.25478,6.383530938380914
1.2548700000000002,6.383553218542463
1.25496,6.383568450227807
1.25505,6.383592049829885
1.2551400000000001,6.383589584814546
1.25523,6.383596726750238
1.25532,6.383630249481246
1.2554100000000001,6.383619185528005
1.2555,6.3836301968923
1.25559,6.383658061535841
1.2556800000000001,6.383675863968808
1.25577,6.383692911295549
1.25586,6.383702646783958
1.2559500000000001,6.383710218626107
1.25604,6.3837233059373535
1.25613,6.383740297432641
1.2562200000000001,6.383752410168584
1.25631,6.383770656407052
1.2564000000000002,6.383786320532861
1.25649,6.383792486271205
1.25658,6.383803639438717
1.2566700000000002,6.383813355618803
1.25676,6.383821583404963
1.25685,6.3838388334248615
1.2569400000000002,6.383868327439437
1.25703,6.383887054095503
1.25712,6.3838964345961395
1.2572100000000002,6.383909836982859
1.2573,6.38392601229328
1.25739,6.383927584361383
1.2574800000000002,6.383944450505701
1.25757,6.383976010686395
1.25766,6.384001581913289
1.2577500000000001,6.3840084352649695
1.25784,6.383984517880548
1.25793,6.383983499818076
1.2580200000000001,6.384020910524416
1.25811,6.384053629783286
1.2582,6.384069404800976
1.2582900000000001,6.3840728382223695
1.25838,6.384081209896711
1.25847,6.384098885632666
1.2585600000000001,6.384106810622855
1.25865,6.384118583375165
1.25874,6.38413633175582
1.2588300000000001,6.384159483330832
1.25892,6.3841839228343975
1.2590100000000002,6.384176267366638
1.2591,6.384186581431139
1.25919,6.384215449009554
1.2592800000000002,6.384219942339643
1.25937,6.384234429133452
1.25946,6.384265391814901
1.2595500000000002,6.384285812419678
1.25964,6.3842836148433815
1.25973,6.3842865184878805
1.2598200000000002,6.384298307198176
1.25991,6.384318193086644
1.26,6.384341372030299
1.2600900000000002,6.384355416545266
1.26018,6.384351483151867
1.26027,6.384370463165981
1.2603600000000001,6.3844050138172115
1.26045,6.38441040736317
1.26054,6.384396316661288
1.2606300000000001,6.384415524472138
1.26072,6.38445066777916
1.26081,6.384470677982684
1.2609000000000001,6.384489924453621
1.26099,6.384487491686761
1.26108,6.384488783345596
1.2611700000000001,6.38451198258484
1.26126,6.384534853216516
1.26135,6.384537373383019
1.2614400000000001,6.384546969892445
1.26153,6.384572764417405
1.2616200000000002,6.384596079435725
1.26171,6.384604924571149
1.2618,6.384602907710967
1.2618900000000002,6.384608309211206
1.26198,6.384636496507153
1.26207,6.3846758158725265
1.2621600000000002,6.3846826669676675
1.26225,6.3846912963808835
1.26234,6.384705680072672
1.2624300000000002,6.384695614697677
1.26252,6.38470466548124
1.26261,6.384738040663007
1.2627000000000002,6.384763203469543
1.26279,6.384773336857813
1.26288,6.384803841494227
1.2629700000000001,6.384798375042356
1.26306,6.384796717833738
1.26315,6.384823430045957
1.2632400000000001,6.384829778797007
1.26333,6.384850710868191
1.26342,6.384871846175598
1.2635100000000001,6.384874743638799
1.2636,6.384878582744733
1.26369,6.384913735286131
1.2637800000000001,6.384925617590401
1.26387,6.384931952844476
1.26396,6.384956120590365
1.2640500000000001,6.384951183976651
1.26414,6.384967916225736
1.2642300000000002,6.384992363370486
1.26432,6.3850051863739905
1.26441,6.3850232861445875
1.2645000000000002,6.385035818922381
1.26459,6.38505896094144
1.26468,6.3850717592822726
1.2647700000000002,6.38505913024384
1.26486,6.385079539260352
1.26495,6.385099328956299
1.2650400000000002,6.385110382953266
1.26513,6.385131699645195
1.26522,6.385157413455082
1.2653100000000002,6.385154482635787
1.2654,6.38515726763746
1.26549,6.385186115121996
1.2655800000000001,6.385207875134946
1.26567,6.385204412012957
1.26576,6.385222616740337
1.2658500000000001,6.38524048648016
1.26594,6.385230552408929
1.26603,6.385263884291928
1.2661200000000001,6.385301577874142
1.26621,6.385310829032345
1.2663,6.385302069936598
1.2663900000000001,6.385306129609091
1.26648,6.3853331339517245
1.26657,6.385348434184737
1.2666600000000001,6.385359412834433
1.26675,6.385394227356331
1.2668400000000002,6.385404466708069
1.2669300000000001,6.3854155282551535
1.26702,6.385434077347833
1.2671100000000002,6.385436714549117
1.2672,6.385426054023827
1.26729,6.385452010640051
1.2673800000000002,6.385492053131873
1.26747,6.3855088849880755
1.26756,6.385512340986141
1.2676500000000002,6.38552225324949
1.26774,6.385534514904962
1.26783,6.385544654643906
1.2679200000000002,6.385557779322806
1.26801,6.385575877838789
1.2681,6.385590410412026
1.2681900000000002,6.385603531601306
1.26828,6.385617562634257
1.26837,6.3856258629306595
1.2684600000000001,6.385641556073178
1.26855,6.385670647729016
1.26864,6.385687572307984
1.2687300000000001,6.385672900835532
1.26882,6.385685394804461
1.26891,6.38571593802597
1.2690000000000001,6.385751908135526
1.26909,6.385779866814374
1.26918,6.385759406874265
1.2692700000000001,6.385746803164669
1.26936,6.385781806595576
1.2694500000000002,6.3858318213089404
1.2695400000000001,6.385834935371478
1.26963,6.3858271178847374
1.2697200000000002,6.385845371323641
1.26981,6.385868849985128
1.2699,6.385866846554234
1.2699900000000002,6.385892094929317
1.27008,6.385913645639009
1.27017,6.385915767365706
1.2702600000000002,6.385922457106262
1.27035,6.385946558878088
1.27044,6.385970709900034
1.2705300000000002,6.385978661219079
1.27062,6.385979183834797
1.27071,6.3859975545588314
1.2708000000000002,6.386028783365744
1.27089,6.386049174687929
1.27098,6.386052452223263
1.2710700000000001,6.386056247062221
1.27116,6.386075004504726
1.27125,6.386100173432441
1.2713400000000001,6.3861175670347805
1.27143,6.386119741699998
1.27152,6.386118435545735
1.2716100000000001,6.386155552318371
1.2717,6.386180654923822
1.27179,6.386174737799398
1.2718800000000001,6.386192093060639
1.27197,6.386200628386143
1.2720600000000002,6.386212929735929
1.2721500000000001,6.386240392163343
1.27224,6.386268722536171
1.2723300000000002,6.3862837829922
1.27242,6.38628019464732
1.27251,6.386290410085538
1.2726000000000002,6.386319575622472
1.27269,6.38632330229715
1.27278,6.386348127673045
1.2728700000000002,6.386359947664339
1.27296,6.386357244078443
1.27305,6.3863926354638245
1.2731400000000002,6.386411776547708
1.27323,6.386405623466201
1.27332,6.386418064174302
1.2734100000000002,6.386455733651543
1.2735,6.386446543757368
1.27359,6.386469972623236
1.2736800000000001,6.386499361542927
1.27377,6.386492980425667
1.27386,6.386507191302755
1.2739500000000001,6.386526073736065
1.27404,6.386550104740014
1.27413,6.38657305497802
1.2742200000000001,6.3865805730949665
1.27431,6.386593170629614
1.2744,6.386608106619782
1.2744900000000001,6.386613657900238
1.27458,6.386626544659872
1.27467,6.386678325041412
1.2747600000000001,6.386679940301774
1.27485,6.386668699922972
1.2749400000000002,6.386700553661614
1.27503,6.386732544721288
1.27512,6.386742003047038
1.2752100000000002,6.386735019895171
1.2753,6.386732527620682
1.27539,6.386751799795415
1.2754800000000002,6.386787970029588
1.27557,6.386809727492881
1.27566,6.386820509900027
1.2757500000000002,6.386835489402304
1.27584,6.386844092453734
1.27593,6.3868610077899195
1.2760200000000002,6.386877553872791
1.27611,6.386884957128127
1.2762,6.386892698783523
1.2762900000000001,6.386903468452071
1.27638,6.386922355670837
1.27647,6.386951661930602
1.2765600000000001,6.38697851931493
1.27665,6.386980597408834
1.27674,6.386993540311287
1.2768300000000001,6.387013553265734
1.27692,6.387019586719737
1.27701,6.387027542970631
1.2771000000000001,6.387051797118474
1.27719,6.387057888460375
1.27728,6.38705980662388
1.2773700000000001,6.387103683029902
1.27746,6.387119356294696
1.2775500000000002,6.387121534547377
1.27764,6.3871351561931835
1.27773,6.387151457292942
1.2778200000000002,6.38715879000991
1.27791,6.38718554573365
1.278,6.387206355065864
1.2780900000000002,6.387210406549725
1.27818,6.38723717539573
1.27827,6.387239807058418
1.2783600000000002,6.387253832597873
1.27845,6.38728906933435
1.27854,6.387296162519314
1.2786300000000002,6.38728386479221
1.27872,6.387304517295764
1.27881,6.387341385341814
1.2789000000000001,6.387355631171081
1.27899,6.387372259292786
1.27908,6.3873716900852315
1.2791700000000001,6.387372744881753
1.27926,6.3873955545049705
1.27935,6.3874198597823355
1.2794400000000001,6.38742891870232
1.27953,6.387445158432486
1.27962,6.387467766183079
1.2797100000000001,6.387481734321854
1.2798,6.38751356202941
1.27989,6.387519968933008
1.2799800000000001,6.387513465171054
1.28007,6.3875351844959765
1.2801600000000002,6.387569238870223
1.28025,6.387583731594703
1.28034,6.387578975569598
1.2804300000000002,6.387570413527146
1.28052,6.387581050475616
1.28061,6.387646895348546
1.2807000000000002,6.387662913489579
1.28079,6.387643265708736
1.28088,6.387676288372994
1.2809700000000002,6.387688641297803
1.28106,6.387706888302344
1.28115,6.387734238843094
1.2812400000000002,6.3877403984287096
1.28133,6.387725551903944
1.28142,6.387740473452545
1.2815100000000001,6.387774418628492
1.2816,6.387798801296406
1.28169,6.387812641138481
1.2817800000000001,6.387823663466716
1.28187,6.387822835868619
1.28196,6.387833442442049
1.2820500000000001,6.387869977946503
1.28214,6.387886756150859
1.28223,6.3879089247600165
1.2823200000000001,6.387911769153814
1.28241,6.387900886502274
1.2825,6.3879382294658456
1.2825900000000001,6.387946529673616
1.28268,6.387965790064799
1.2827700000000002,6.387993801434063
1.2828600000000001,6.387978843225932
1.28295,6.388005606666253
1.2830400000000002,6.388045499524254
1.28313,6.388060427958019
1.28322,6.388064027989828
1.2833100000000002,6.388087519969976
1.2834,6.3880926521409815
1.28349,6.388088806359061
1.2835800000000002,6.388107760706963
1.28367,6.3881415692901635
1.28376,6.388145603525004
1.2838500000000002,6.388171526162435
1.28394,6.388204046790581
1.28403,6.388188882539658
1.2841200000000002,6.38820166922057
1.28421,6.388225308635072
1.2843,6.38824247856774
1.2843900000000001,6.388262137017774
1.28448,6.3882840409257025
1.28457,6.388281520814417
1.2846600000000001,6.38828049151568
1.28475,6.388305713335265
1.28484,6.388338464131276
1.2849300000000001,6.3883565518024445
1.28502,6.388370905106632
1.28511,6.388384102639029
1.2852000000000001,6.3883897999103025
1.28529,6.388400932488112
1.2853800000000002,6.388419099682757
1.2854700000000001,6.388445817252331
1.28556,6.388462387017283
1.2856500000000002,6.388446195096985
1.28574,6.388465435195797
1.28583,6.388497563605056
1.2859200000000002,6.3885176917110575
1.28601,6.388544243557866
1.2861,6.3885558547747126
1.2861900000000002,6.38857541453542
1.28628,6.388589575934877
1.28637,6.388579271685267
1.2864600000000002,6.388590079357236
1.28655,6.388612084308578
1.28664,6.388639100917658
1.2867300000000002,6.388662658778326
1.28682,6.388663956620743
1.28691,6.388664065790635
1.2870000000000001,6.388699253174978
1.28709,6.38873485465685
1.28718,6.388724920308547
1.2872700000000001,6.388749611977072
1.28736,6.388761904405565
1.28745,6.388759079680629
1.2875400000000001,6.388781051841866
1.28763,6.388812714971505
1.28772,6.388842664713511
1.2878100000000001,6.3888495718756015
1.2879,6.388840306462385
1.2879900000000002,6.388854117440872
1.2880800000000001,6.388889816850835
1.28817,6.388916121621137
1.2882600000000002,6.388918861918519
1.28835,6.388918221027168
1.28844,6.388940361793356
1.2885300000000002,6.388957734046002
1.28862,6.38896977725982
1.28871,6.388986795470024
1.2888000000000002,6.38899553468693
1.28889,6.389017947105721
1.28898,6.389035473231848
1.2890700000000002,6.389045797795231
1.28916,6.389073975589019
1.28925,6.389087762611098
1.2893400000000002,6.389101450083226
1.28943,6.389120698069286
1.28952,6.389129758502026
1.2896100000000001,6.389131711630547
1.2897,6.389147112563848
1.28979,6.389173379995417
1.2898800000000001,6.389196762259359
1.28997,6.389213587277017
1.29006,6.389218769312559
1.2901500000000001,6.389231899336818
1.29024,6.38925399280562
1.29033,6.389265397697846
1.2904200000000001,6.389279639349834
1.29051,6.389297813627892
1.2906000000000002,6.3893135542250485
1.2906900000000001,6.389324928974284
1.29078,6.389338130702696
1.2908700000000002,6.389355470228287
1.29096,6.389380224133468
1.29105,6.389404627508093
1.2911400000000002,6.389409986753099
1.29123,6.389400621019641
1.29132,6.389408482746583
1.2914100000000002,6.389444901310043
1.2915,6.389481971332557
1.29159,6.389490141487266
1.2916800000000002,6.389504833307179
1.29177,6.389511447549199
1.29186,6.389495391965079
1.2919500000000002,6.389517792416688
1.29204,6.389557006920774
1.29213,6.389578159388057
1.2922200000000001,6.389580244934085
1.29231,6.38959177169692
1.2924,6.389620441059744
1.2924900000000001,6.38964566660998
1.29258,6.389653851609334
1.29267,6.389655344840092
1.2927600000000001,6.389669344704928
1.29285,6.389687517257416
1.29294,6.3897096830065205
1.2930300000000001,6.389736054350566
1.29312,6.389748368349512
1.29321,6.389737466173878
1.2933000000000001,6.389756797867779
1.29339,6.389796620720882
1.2934800000000002,6.389794459654995
1.29357,6.389824920171019
1.29366,6.389836030311737
1.2937500000000002,6.389828489789212
1.29384,6.389852162639274
1.29393,6.389865584712916
1.2940200000000002,6.38987892858006
1.29411,6.389897502161142
1.2942,6.389922470450255
1.2942900000000002,6.389955868633927
1.29438,6.389955055118609
1.29447,6.389955814493592
1.2945600000000002,6.389974941558847
1.29465,6.389988030172502
1.29474,6.390026369352713
1.2948300000000001,6.390040208965259
1.29492,6.390043270029658
1.29501,6.390068731024869
1.2951000000000001,6.390063996386317
1.29519,6.390080323273641
1.29528,6.390120226324269
1.2953700000000001,6.390140000206562
1.29546,6.390129056564592
1.29555,6.39014688790552
1.2956400000000001,6.390164879134784
1.29573,6.3901750959457235
1.29582,6.390205715103985
1.2959100000000001,6.390218599279801
1.296,6.390227990176136
1.2960900000000002,6.390236550698579
1.29618,6.390247579570573
1.29627,6.390286727062046
1.2963600000000002,6.390302493542523
1.29645,6.390299462797945
1.29654,6.390308374791837
1.2966300000000002,6.3903333910537885
1.29672,6.390367778583723
1.29681,6.390390441528469
1.2969000000000002,6.3903914897350305
1.29699,6.3903917722090835
1.29708,6.390424625666802
1.2971700000000002,6.3904401177474455
1.29726,6.390454040922368
1.29735,6.3904837081145045
1.2974400000000001,6.3904724633988685
1.29753,6.390463303026617
1.29762,6.390497448554026
1.2977100000000001,6.3905394600697125
1.2978,6.390535684312456
1.29789,6.390558801004214
1.2979800000000001,6.390584766430592
1.29807,6.390600716023214
1.29816,6.3906222306557705
1.2982500000000001,6.390625552783281
1.29834,6.39062143081809
1.29843,6.390638705770243
1.2985200000000001,6.390676610480641
1.29861,6.390697342371544
1.2987000000000002,6.390704871270346
1.2987900000000001,6.390720095455086
1.29888,6.390730577567011
1.2989700000000002,6.390723580569331
1.29906,6.3907623383299645
1.29915,6.39079361733019
1.2992400000000002,6.390807207106314
1.29933,6.390830492215524
1.29942,6.390833671770759
1.2995100000000002,6.390835275774191
1.2996,6.39085344534633
1.29969,6.390875984914832
1.2997800000000002,6.390887057577527
1.29987,6.39092990418983
1.29996,6.390945825560489
1.3000500000000001,6.390932687694384
1.30014,6.390956473400656
1.30023,6.390985013759088
1.3003200000000001,6.390986931778384
1.30041,6.390991163345249
1.3005,6.391020016594666
1.3005900000000001,6.391031418380297
1.30068,6.3910448783024325
1.30077,6.391069497800426
1.3008600000000001,6.391090818390747
1.30095,6.391099503169785
1.30104,6.391120249491752
1.3011300000000001,6.391135528373301
1.30122,6.391142111730299
1.3013100000000002,6.391160110254364
1.3014000000000001,6.39118670052759
1.30149,6.391206928060757
1.3015800000000002,6.391216816412999
1.30167,6.391229930255343
1.30176,6.391255691852366
1.3018500000000002,6.391257002871667
1.30194,6.39127284064319
1.30203,6.391306814242491
1.3021200000000002,6.391306394034398
1.30221,6.3913148561266055
1.3023,6.391336921354171
1.3023900000000002,6.39135243414069
1.30248,6.3913640833262555
1.30257,6.391403592210368
1.3026600000000002,6.3914199767502415
1.30275,6.391411947614635
1.30284,6.391415279826241
1.3029300000000001,6.3914382040130615
1.30302,6.391465067344468
1.30311,6.391493237352407
1.3032000000000001,6.39151375504152
1.30329,6.391518863971304
1.30338,6.391534599718737
1.3034700000000001,6.391540044267427
1.30356,6.391554225072695
1.30365,6.391588688861014
1.3037400000000001,6.391585473660721
1.30383,6.391605558971769
1.3039200000000002,6.391638266871373
1.3040100000000001,6.3916521750823385
1.3041,6.391666656950822
1.3041900000000002,6.391674233839075
1.30428,6.391684024207571
1.30437,6.391702354987233
1.3044600000000002,6.3917249083370145
1.30455,6.391749901112193
1.30464,6.391757006701065
1.3047300000000002,6.391761228805746
1.30482,6.391783433841526
1.30491,6.391806033157395
1.3050000000000002,6.39182939575095
1.30509,6.391838413111591
1.30518,6.391835481462919
1.3052700000000002,6.391850867937114
1.30536,6.391885449784509
1.30545,6.391911942321837
1.3055400000000001,6.391922487744486
1.30563,6.3919294327283955
1.30572,6.391935027589037
1.3058100000000001,6.391962742049589
1.3059,6.391991251173986
1.30599,6.391991468334371
1.3060800000000001,6.391988631969889
1.30617,6.392028595055423
1.30626,6.39206388587916
1.3063500000000001,6.392055572043115
1.30644,6.392047681133599
1.3065300000000002,6.392095465031234
1.3066200000000001,6.392133153899629
1.30671,6.392131785371939
1.3068000000000002,6.392130400328557
1.30689,6.392145727301167
1.30698,6.3921621331595615
1.3070700000000002,6.3921807238613795
1.30716,6.392202300410491
1.30725,6.392215323544898
1.3073400000000002,6.39224143719302
1.30743,6.392247677544922
1.30752,6.392243632963596
1.3076100000000002,6.392274677883662
1.3077,6.392293601139706
1.30779,6.392310042710395
1.3078800000000002,6.3923303590984695
1.30797,6.392345727460214
1.30806,6.392361820777178
1.3081500000000001,6.392378112416797
1.30824,6.392386707345135
1.30833,6.392399718550245
1.3084200000000001,6.392432929028987
1.30851,6.392434945421648
1.3086,6.392445067884054
1.3086900000000001,6.392476326755432
1.30878,6.39249003682912
1.30887,6.39249943675931
1.3089600000000001,6.392530458643444
1.30905,6.392547681455642
1.3091400000000002,6.392537575728979
1.3092300000000001,6.39256702151245
1.30932,6.392586660438634
1.3094100000000002,6.392605950082481
1.3095,6.392628329719067
1.30959,6.39262670664043
1.3096800000000002,6.392664975934908
1.30977,6.3926886934454945
1.30986,6.392679255253171
1.3099500000000002,6.392687869272584
1.31004,6.392721239262713
1.31013,6.392746739020228
1.3102200000000002,6.392752597522406
1.31031,6.392754267458866
1.3104,6.392769564877786
1.3104900000000002,6.3927961666461774
1.31058,6.39281179095342
1.31067,6.392819519392455
1.3107600000000001,6.392838384121966
1.31085,6.392842332590074
1.31094,6.392870822817165
1.3110300000000001,6.392906018818795
1.31112,6.392913935718646
1.31121,6.392944423537798
1.3113000000000001,6.392942895657597
1.31139,6.392941843541687
1.31148,6.392980100113123
1.3115700000000001,6.393007719567339
1.31166,6.393016759405176
1.3117500000000002,6.39301525095673
1.3118400000000001,6.393018349665055
1.31193,6.393040714828911
1.3120200000000002,6.3930780475873075
1.31211,6.393088672052867
1.3122,6.393096184638872
1.3122900000000002,6.393129213465705
1.31238,6.393136966094136
1.31247,6.393147767199953
1.3125600000000002,6.393171781608686
1.31265,6.393193095414988
1.31274,6.3932012892840975
1.3128300000000002,6.3932064645407864
1.31292,6.393225734625068
1.31301,6.393250326647165
1.3131000000000002,6.393262011400959
1.31319,6.393278381294341
1.31328,6.3933027438053776
1.3133700000000001,6.39331441430655
1.31346,6.39331476321675
1.31355,6.39334368357878
1.3136400000000001,6.393373224197412
1.31373,6.393382473064186
1.31382,6.393384955631946
1.3139100000000001,6.39340362914735
1.314,6.393422085538962
1.31409,6.3934418181572745
1.3141800000000001,6.393460116553935
1.31427,6.393472310487311
1.31436,6.393492059278098
1.3144500000000001,6.393510304725262
1.31454,6.393530724166202
1.3146300000000002,6.39354889246414
1.31472,6.393545714010278
1.31481,6.393560585118839
1.3149000000000002,6.39358183938313
1.31499,6.393603348993923
1.31508,6.393634449936432
1.3151700000000002,6.393628418779595
1.31526,6.393641256854916
1.31535,6.393671323079306
1.3154400000000002,6.393680426682773
1.31553,6.393706752609652
1.31562,6.3937146970770025
1.3157100000000002,6.393715734323598
1.3158,6.393736910562152
1.31589,6.393763192059426
1.3159800000000001,6.393781438719876
1.31607,6.393792669193462
1.31616,6.393807209303862
1.3162500000000001,6.393827768454237
1.31634,6.393838384174346
1.31643,6.393853927229117
1.3165200000000001,6.393874472461591
1.31661,6.393895912747546
1.3167,6.393927889657761
1.3167900000000001,6.39392603300851
1.31688,6.393926570558061
1.31697,6.393954393203118
1.3170600000000001,6.393971902244889
1.31715,6.39400609115871
1.3172400000000002,6.394016717670608
1.3173300000000001,6.394005570766023
1.31742,6.394021024484662
1.3175100000000002,6.394047454290933
1.3176,6.394071148024079
1.31769,6.39408582408398
1.3177800000000002,6.394094832653559
1.31787,6.394109609648849
1.31796,6.394130751913698
1.3180500000000002,6.3941507063605
1.31814,6.394167079128323
1.31823,6.394182761887531
1.3183200000000002,6.394191434024879
1.31841,6.3942063191087675
1.3185,6.3942263689565255
1.3185900000000002,6.394240209829747
1.31868,6.394255350208782
1.31877,6.394266734669512
1.3188600000000001,6.394275681860371
1.31895,6.394294308567821
1.31904,6.394327693604237
1.3191300000000001,6.394345310638212
1.31922,6.394351120999181
1.31931,6.394367388633229
1.3194000000000001,6.394397659404997
1.31949,6.39441385863846
1.31958,6.394413425098587
1.3196700000000001,6.394425733543218
1.31976,6.394460433353552
1.3198500000000002,6.3944734213030126
1.3199400000000001,6.3944790955150745
1.32003,6.394494238617442
1.3201200000000002,6.394516757457145
1.32021,6.39453539205932
1.3203,6.394547768802151
1.3203900000000002,6.394551687355124
1.32048,6.394576612471898
1.32057,6.3946259677698265
1.3206600000000002,6.394604176111188
1.32075,6.394617398237906
1.32084,6.394650618564857
1.3209300000000002,6.394644973717577
1.32102,6.394689764696837
1.32111,6.394697649055948
1.3212000000000002,6.394699845261245
1.32129,6.394730313988223
1.32138,6.394734838752993
1.3214700000000001,6.394760690194942
1.32156,6.3947856914024825
1.32165,6.394786249171798
1.3217400000000001,6.394786067483532
1.32183,6.394815296943012
1.32192,6.394841452917545
1.3220100000000001,6.394857561161082
1.3221,6.3948746038575175
1.32219,6.394883923736857
1.3222800000000001,6.394898855474476
1.32237,6.394921937305245
1.3224600000000002,6.394945636593353
1.3225500000000001,6.394962557963572
1.32264,6.394971237105033
1.3227300000000002,6.394987215229955
1.32282,6.395000740034929
1.32291,6.395004344173123
1.3230000000000002,6.395036864805938
1.32309,6.395066853867937
1.32318,6.395074722379779
1.3232700000000002,6.395074610824468
1.32336,6.395088248793799
1.32345,6.395112081651976
1.3235400000000002,6.395113968797126
1.32363,6.395119097527089
1.32372,6.395169276048236
1.3238100000000002,6.395180738150655
1.3239,6.395193023994245
1.32399,6.3952165999804444
1.3240800000000001,6.395225072576003
1.32417,6.3952455869216704
1.32426,6.395270318953797
1.3243500000000001,6.39527732776322
1.32444,6.395279412301328
1.32453,6.395306623568747
1.3246200000000001,6.395305765271255
1.32471,6.3953390655258096
1.3248,6.3953856089975645
1.3248900000000001,6.395367042626346
1.32498,6.395388927264965
1.3250700000000002,6.395415316625028
1.3251600000000001,6.395420623016517
1.32525,6.395433769923699
1.3253400000000002,6.3954667232679965
1.32543,6.395474244401739
1.32552,6.395480858304561
1.3256100000000002,6.395508024089668
1.3257,6.395520739261111
1.32579,6.395519229661667
1.3258800000000002,6.395537343135703
1.32597,6.395570940324904
1.32606,6.395588546331228
1.3261500000000002,6.395601211109367
1.32624,6.395614869916903
1.32633,6.395628130673932
1.3264200000000002,6.395645162003409
1.32651,6.395673418457768
1.3266,6.395687288632758
1.3266900000000001,6.395687668132768
1.32678,6.395699082501557
1.32687,6.395730859090433
1.3269600000000001,6.3957459292898555
1.32705,6.395757056639521
1.32714,6.395778750023128
1.3272300000000001,6.395801825519911
1.32732,6.395814306222753
1.32741,6.395823442339391
1.3275000000000001,6.395838894124816
1.32759,6.395860362897912
1.3276800000000002,6.395878388251284
1.3277700000000001,6.395892114254161
1.32786,6.395917992700711
1.3279500000000002,6.395939294666428
1.32804,6.3959317789101835
1.32813,6.395950942846783
1.3282200000000002,6.395974392742132
1.32831,6.395993475862145
1.3284,6.396020238888325
1.3284900000000002,6.396033023103548
1.32858,6.396025885478071
1.32867,6.396038637382965
1.3287600000000002,6.396078828948115
1.32885,6.396093826898539
1.32894,6.396091118751406
1.3290300000000002,6.396105049661829
1.32912,6.396140478086882
1.32921,6.396164673997918
1.3293000000000001,6.396160079800314
1.32939,6.3961885635244204
1.32948,6.396221611435661
1.3295700000000001,6.396209485392951
1.32966,6.396210842649374
1.32975,6.396235078041083
1.3298400000000001,6.396255888095599
1.32993,6.396272572408371
1.33002,6.396307798583785
1.3301100000000001,6.39632212819631
1.3302,6.39633050839783
1.3302900000000002,6.39635178399132
1.3303800000000001,6.3963707482028695
1.33047,6.396367334636417
1.3305600000000002,6.396389295898124
1.33065,6.396409574865767
1.33074,6.396401013763547
1.3308300000000002,6.3964222008833875
1.33092,6.396443564161355
1.33101,6.396459832109183
1.3311000000000002,6.396483954065657
1.33119,6.396514273216206
1.33128,6.3965353373060445
1.3313700000000002,6.396535728434162
1.33146,6.396542412343354
1.33155,6.3965740765670205
1.3316400000000002,6.396585858809963
1.33173,6.3965982874984055
1.33182,6.396610487040602
1.3319100000000001,6.396622376789504
1.332,6.396654622940851
1.33209,6.396660866747139
1.3321800000000001,6.396671718951014
1.33227,6.39669855816552
1.33236,6.39670863375622
1.3324500000000001,6.396729826651284
1.33254,6.396741323384357
1.33263,6.396757070520955
1.3327200000000001,6.396789648822379
1.33281,6.396785762108655
1.3329,6.3967842140469084
1.3329900000000001,6.396817011145077
1.33308,6.396856803667202
1.3331700000000002,6.396859382945901
1.3332600000000001,6.396875256386883
1.33335,6.396892362983554
1.3334400000000002,6.39689617618987
1.33353,6.396903384450111
1.33362,6.396917907995728
1.3337100000000002,6.396944015130165
1.3338,6.396972018894108
1.33389,6.3969893791272625
1.3339800000000002,6.396998048231819
1.33407,6.397001407310844
1.33416,6.397007998158725
1.3342500000000002,6.397030745093498
1.33434,6.397071850800442
1.33443,6.3971006873145235
1.3345200000000002,6.397100534969414
1.33461,6.3970970220001115
1.3347,6.397117483862333
1.3347900000000001,6.397135162826995
1.33488,6.3971619817831025
1.33497,6.397184549954717
1.3350600000000001,6.397188508162028
1.33515,6.397199969008185
1.33524,6.3972302730898996
1.3353300000000001,6.397247078294987
1.33542,6.397255257366816
1.33551,6.397286341892973
1.3356000000000001,6.397279027034011
1.33569,6.397276478287791
1.3357800000000002,6.397315087558204
1.3358700000000001,6.397356719293586
1.33596,6.397346937203817
1.3360500000000002,6.397364513493701
1.33614,6.397382682449931
1.33623,6.397377840305022
1.3363200000000002,6.39742307968917
1.33641,6.397440808332929
1.3365,6.397452172109038
1.3365900000000002,6.397469968944691
1.33668,6.397464598465012
1.33677,6.397487634385986
1.3368600000000002,6.397509599873144
1.33695,6.397525200056687
1.33704,6.397550155807978
1.3371300000000002,6.397563816711824
1.33722,6.397592740331871
1.33731,6.397600803910736
1.3374000000000001,6.397592800412698
1.33749,6.3976353713889935
1.33758,6.397642722966995
1.3376700000000001,6.397637905642374
1.33776,6.3976616494303755
1.33785,6.397694604004494
1.3379400000000001,6.39770325313882
1.33803,6.397717024359508
1.33812,6.397730831272449
1.3382100000000001,6.397738821064845
1.3383,6.397779627994801
1.3383900000000002,6.397798396913628
1.3384800000000001,6.3978004345345445
1.33857,6.397819646071008
1.3386600000000002,6.397847336446661
1.33875,6.397842133657952
1.33884,6.397857285676451
1.3389300000000002,6.397893336871077
1.33902,6.397902904517906
1.33911,6.397915664791276
1.3392000000000002,6.397922408835551
1.33929,6.397933524512649
1.33938,6.3979610709853825
1.3394700000000002,6.397984643656905
1.33956,6.397996025677865
1.33965,6.398005861843097
1.3397400000000002,6.398017124964729
1.33983,6.398026686796433
1.33992,6.398055256113281
1.3400100000000001,6.398080488135082
1.3401,6.398098305540458
1.34019,6.398114981734344
1.3402800000000001,6.398111248595044
1.34037,6.398132520145542
1.34046,6.398158711965878
1.3405500000000001,6.398166826198267
1.34064,6.398191431385475
1.34073,6.398208250736171
1.3408200000000001,6.398211821731316
1.34091,6.398210195940973
1.3410000000000002,6.398221689591105
1.3410900000000001,6.398275847372159
1.34118,6.398294070328464
1.3412700000000002,6.398283463367113
1.34136,6.398302987402557
1.34145,6.398324787905682
1.3415400000000002,6.398341310662747
1.34163,6.398355973856607
1.34172,6.3983679717566675
1.3418100000000002,6.39837886687855
1.3419,6.398411795951148
1.34199,6.398423419202633
1.3420800000000002,6.39842300776782
1.34217,6.398454359904205
1.34226,6.398463887871382
1.3423500000000002,6.398471945836207
1.34244,6.398495733587997
1.34253,6.398520154224513
1.3426200000000001,6.398529146790822
1.34271,6.398544597019278
1.3428,6.398566426282441
1.3428900000000001,6.398579576576901
1.34298,6.398584503136904
1.34307,6.39860623628876
1.3431600000000001,6.398619197389503
1.34325,6.398634699879902
1.34334,6.398674208414816
1.3434300000000001,6.398682686319877
1.34352,6.398681664528062
1.3436100000000002,6.398686582200601
1.3437000000000001,6.39869386757896
1.34379,6.3987100141008275
1.3438800000000002,6.398746771727205
1.34397,6.3987678928893255
1.34406,6.398772715582034
1.3441500000000002,6.398800407085823
1.34424,6.3988172759853
1.34433,6.398824345516224
1.3444200000000002,6.398846598400596
1.34451,6.398879687332413
1.3446,6.398874279716359
1.3446900000000002,6.398863624813861
1.34478,6.398880461811765
1.34487,6.39891831134477
1.3449600000000002,6.398945181432751
1.34505,6.3989504214866475
1.34514,6.398951332438228
1.3452300000000001,6.398967244724459
1.34532,6.398998244879606
1.34541,6.399023987724354
1.3455000000000001,6.39903079330435
1.34559,6.39902631159245
1.34568,6.3990355264958465
1.3457700000000001,6.399071439821848
1.34586,6.399085179263717
1.34595,6.399096549758434
1.3460400000000001,6.399121021161623
1.34613,6.399125987586019
1.3462200000000002,6.399146681101708
1.3463100000000001,6.399171981158049
1.3464,6.399185269759417
1.3464900000000002,6.399193926913211
1.34658,6.39920707527028
1.34667,6.3992180360889375
1.3467600000000002,6.399233101356642
1.34685,6.3992551045046655
1.34694,6.399265723640586
1.3470300000000002,6.399273308781132
1.34712,6.399303877010073
1.34721,6.399342421122001
1.3473000000000002,6.399345016196937
1.34739,6.399343184942894
1.34748,6.399358132422052
1.3475700000000002,6.399378363791856
1.34766,6.399394903047021
1.34775,6.399429919000191
1.3478400000000001,6.399436680096124
1.34793,6.399427659069723
1.34802,6.399449169363086
1.3481100000000001,6.399492553880353
1.3482,6.3994932620535
1.34829,6.399485418597517
1.3483800000000001,6.3995104381876695
1.34847,6.399542459848017
1.34856,6.3995467288661745
1.3486500000000001,6.399570859567266
1.34874,6.399599583054129
1.3488300000000002,6.39959213959873
1.3489200000000001,6.399601756803749
1.34901,6.399626130743346
1.3491000000000002,6.399654691140472
1.3491900000000001,6.3996758214102645
1.34928,6.399678601217702
1.3493700000000002,6.399687057988555
1.34946,6.399698163941053
1.34955,6.399716604802624
1.3496400000000002,6.399747416784817
1.34973,6.39974843172913
1.34982,6.399750884989165
1.3499100000000002,6.3997695731636695
1.35,6.399790804628303
1.35009,6.399815254399428
1.3501800000000002,6.39984007018105
1.35027,6.399858475620662
1.35036,6.3998679106803396
1.3504500000000002,6.399879736957805
1.35054,6.3999140049843675
1.35063,6.39992223096385
1.3507200000000001,6.399915715237163
1.35081,6.399941074256974
1.3509,6.399942822516906
1.3509900000000001,6.399955598568331
1.35108,6.3999830657533465
1.35117,6.400005574835655
1.3512600000000001,6.400032195011452
1.35135,6.400029186021655
1.35144,6.40003573329109
1.3515300000000001,6.400063246356961
1.35162,6.400069562685797
1.3517100000000002,6.400100849133116
1.3518000000000001,6.400119227655015
1.35189,6.4001194821863
1.3519800000000002,6.4001394256517035
1.35207,6.4001627792834785
1.35216,6.400168017368183
1.3522500000000002,6.40018612579627
1.35234,6.400219980033055
1.35243,6.400215054569228
1.3525200000000002,6.40023848254636
1.35261,6.400252824766354
1.3527,6.40025019123542
1.3527900000000002,6.4002852989328565
1.35288,6.40029816971006
1.35297,6.400306798104808
1.3530600000000002,6.400319137693979
1.35315,6.400321801852155
1.35324,6.400338768191901
1.3533300000000001,6.400382659552513
1.35342,6.400402542884879
1.35351,6.400396973462642
1.3536000000000001,6.400438816934925
1.35369,6.40045285314536
1.35378,6.400458518754911
1.3538700000000001,6.400474616934095
1.35396,6.400477198695848
1.35405,6.400492617123122
1.3541400000000001,6.4005057963548
1.35423,6.400513366539797
1.3543200000000002,6.400535033410069
1.3544100000000001,6.400572804779246
1.3545,6.400574011275421
1.3545900000000002,6.400585797857014
1.35468,6.400619364905325
1.35477,6.400606564635779
1.3548600000000002,6.4006327639101395
1.35495,6.400667601919745
1.35504,6.4006732138458995
1.3551300000000002,6.4006707978388
1.35522,6.400681446533501
1.35531,6.400713060872208
1.3554000000000002,6.400728875687256
1.35549,6.400721172091208
1.35558,6.400747525421478
1.3556700000000002,6.40076139413501
1.35576,6.400773239981474
1.35585,6.400805647895236
1.3559400000000001,6.4008336085868125
1.35603,6.400830766335001
1.35612,6.4008437717153965
1.3562100000000001,6.400865177924885
1.3563,6.400861178026023
1.35639,6.400884610059549
1.3564800000000001,6.400914164268589
1.35657,6.400928976287541
1.35666,6.40093694679836
1.3567500000000001,6.400955372531941
1.35684,6.400979837338154
1.3569300000000002,6.400991204084592
1.3570200000000001,6.40099170557331
1.35711,6.40100175115716
1.3572000000000002,6.401014132319581
1.35729,6.401029769826948
1.35738,6.401061770175511
1.3574700000000002,6.401094983886293
1.35756,6.4010831125564245
1.35765,6.401107771471056
1.3577400000000002,6.401132337634739
1.35783,6.401125974299886
1.35792,6.401158170729719
1.3580100000000002,6.401162142089416
1.3581,6.4011748164249855
1.35819,6.401200415596695
1.3582800000000002,6.401197267644859
1.35837,6.401232891921672
1.35846,6.401255472831919
1.3585500000000001,6.401252701672257
1.35864,6.401264245181303
1.35873,6.401291492151051
1.3588200000000001,6.401313731212921
1.35891,6.401322435637412
1.359,6.401324283280754
1.3590900000000001,6.401334276038632
1.35918,6.401365501641888
1.35927,6.401379641950807
1.3593600000000001,6.401379837871109
1.35945,6.401405592001728
1.3595400000000002,6.401435422070932
1.3596300000000001,6.401434443008138
1.35972,6.401441427605416
1.3598100000000002,6.401477541867646
1.3599,6.401477727021931
1.35999,6.401487787136259
1.3600800000000002,6.401518104385481
1.36017,6.401537933715195
1.36026,6.401533961233598
1.3603500000000002,6.401546335792917
1.36044,6.4015564300401016
1.36053,6.4015735360818375
1.3606200000000002,6.401613056867548
1.36071,6.401622023380067
1.3608,6.401642203654867
1.3608900000000002,6.401667571918111
1.36098,6.4016672060757385
1.36107,6.401658849032806
1.3611600000000001,6.401671594627231
1.36125,6.4017076859383115
1.36134,6.401731701380189
1.3614300000000001,6.401724839741749
1.36152,6.401753209652161
1.36161,6.401777257908426
1.3617000000000001,6.40177868206129
1.36179,6.401787640527735
1.36188,6.401811462031234
1.3619700000000001,6.401826806105628
1.36206,6.4018394043043445
1.3621500000000002,6.401861082047493
1.3622400000000001,6.401879257747955
1.36233,6.401884540298977
1.3624200000000002,6.4018974056799145
1.36251,6.401914396600575
1.3626,6.401920562133027
1.3626900000000002,6.401951340093563
1.36278,6.401969655446526
1.36287,6.401973091907544
1.3629600000000002,6.401988991357772
1.36305,6.402007251323106
1.36314,6.402012081137803
1.3632300000000002,6.4020219856470675
1.36332,6.402048967393507
1.36341,6.402072930696305
1.3635000000000002,6.4020858992561065
1.36359,6.402097738408767
1.36368,6.402118566089215
1.3637700000000001,6.40214342520305
1.36386,6.4021540784266415
1.36395,6.402157842732801
1.3640400000000001,6.402163195997976
1.36413,6.40217303835182
1.36422,6.40218883657935
1.3643100000000001,6.402206656593406
1.3644,6.402234335684873
1.36449,6.402259250836528
1.3645800000000001,6.402261331084684
1.36467,6.402279992004632
1.3647600000000002,6.402302438580938
1.3648500000000001,6.402304574693019
1.36494,6.402298542541886
1.3650300000000002,6.402325642895922
1.3651200000000001,6.40235540141795
1.36521,6.402365821348796
1.3653000000000002,6.402372915840017
1.36539,6.40239831192217
1.36548,6.402407417460307
1.3655700000000002,6.402415858845224
1.36566,6.402434156794988
1.36575,6.402445562727317
1.3658400000000002,6.402465750605709
1.36593,6.402493146585493
1.36602,6.402508751235169
1.3661100000000002,6.4025080146354405
1.3662,6.402517882820651
1.36629,6.402531201318261
1.3663800000000001,6.402551076097658
1.36647,6.402578491357059
1.36656,6.402596025336633
1.3666500000000001,6.402599560280659
1.36674,6.402621705170625
1.36683,6.402648834165406
1.3669200000000001,6.402643975775556
1.36701,6.402655174610436
1.3671,6.402685517235964
1.3671900000000001,6.402701942919093
1.36728,6.402696038688057
1.3673700000000002,6.402707864586787
1.3674600000000001,6.402723539796435
1.36755,6.402742320464263
1.3676400000000002,6.402762555993194
1.3677300000000001,6.402774041236739
1.36782,6.402799915407021
1.3679100000000002,6.402820587110048
1.368,6.40282610440221
1.36809,6.402832153324556
1.3681800000000002,6.402844446810274
1.36827,6.402865670995761
1.36836,6.402878440013806
1.3684500000000002,6.402882061517723
1.36854,6.402909056741649
1.36863,6.402938901648159
1.3687200000000002,6.402951201196258
1.36881,6.402950198953836
1.3689,6.402957213883528
1.3689900000000002,6.402980182954426
1.36908,6.4029980818538785
1.36917,6.403013009149193
1.3692600000000001,6.403031732028824
1.36935,6.4030282228479045
1.36944,6.4030455260294294
1.3695300000000001,6.403058760774081
1.36962,6.403063515569859
1.36971,6.403117189692502
1.3698000000000001,6.403114791277249
1.36989,6.403120156378675
1.36998,6.403151020720455
1.3700700000000001,6.403133820425327
1.37016,6.40315733762663
1.3702500000000002,6.403195298580049
1.3703400000000001,6.403210877183095
1.37043,6.403211617817141
1.3705200000000002,6.403217961567775
1.37061,6.403240910454708
1.3707,6.40327061722812
1.3707900000000002,6.40328239534128
1.37088,6.403271725681405
1.37097,6.403296726527392
1.3710600000000002,6.403316738885371
1.37115,6.403332133269558
1.37124,6.4033751839796365
1.3713300000000002,6.403361105697654
1.37142,6.4033588889563235
1.37151,6.4033756428439155
1.3716000000000002,6.403384089551972
1.37169,6.403428181568021
1.37178,6.403442257940543
1.3718700000000001,6.403432902376574
1.37196,6.403442219722716
1.37205,6.403471030262288
1.3721400000000001,6.403494595272463
1.37223,6.403516827077617
1.37232,6.4035270743676245
1.3724100000000001,6.403518220422043
1.3725,6.403535215742563
1.37259,6.403563121092838
1.3726800000000001,6.403577891893892
1.37277,6.403584110261911
1.3728600000000002,6.403606962279663
1.3729500000000001,6.403635058012456
1.37304,6.403645175325461
1.3731300000000002,6.4036418996034765
1.37322,6.403647813709186
1.37331,6.40365005059535
1.3734000000000002,6.403678056941118
1.37349,6.403717928147375
1.37358,6.403730242641373
1.3736700000000002,6.403733117941148
1.37376,6.403737108730837
1.37385,6.4037486606900105
1.3739400000000002,6.403773714418681
1.37403,6.403805955033578
1.37412,6.403810178735206
1.3742100000000002,6.403815634519685
1.3743,6.4038345012921924
1.37439,6.403844957121211
1.3744800000000001,6.403870461381763
1.37457,6.4038779585854915
1.37466,6.40388742448782
1.3747500000000001,6.40392014725083
1.37484,6.4039154740815505
1.37493,6.403922840591028
1.3750200000000001,6.403940781368435
1.37511,6.403955669762064
1.3752,6.403985035794086
1.3752900000000001,6.403991309812618
1.37538,6.404009484487308
1.3754700000000002,6.404038348649017
1.3755600000000001,6.404038733810285
1.37565,6.404048708816338
1.3757400000000002,6.404068917674775
1.37583,6.404081542395267
1.37592,6.404079266608738
1.3760100000000002,6.40408190049805
1.3761,6.404127809939655
1.37619,6.404154056350951
1.3762800000000002,6.404141563006468
1.37637,6.40416330260717
1.37646,6.404184332394674
1.3765500000000002,6.404183295799876
1.37664,6.4042007366184786
1.37673,6.404249217650111
1.3768200000000002,6.404231937479541
1.37691,6.404239675927277
1.377,6.40427609183629
1.3770900000000001,6.4042852535355985
1.37718,6.404286790282672
1.37727,6.404296744370355
1.3773600000000001,6.404312677453827
1.37745,6.404333348183166
1.37754,6.404359086704389
1.3776300000000001,6.404370483651467
1.37772,6.40438221035644
1.37781,6.40439623501528
1.3779000000000001,6.4044082973629255
1.37799,6.404433103979177
1.3780800000000002,6.4044254767292355
1.3781700000000001,6.404428076085699
1.37826,6.404469698042381
1.3783500000000002,6.4044848810461295
1.37844,6.404489844342248
1.37853,6.404501571483127
1.3786200000000002,6.4045208607081525
1.37871,6.404542828288297
1.3788,6.404564665276008
1.3788900000000002,6.404569370334102
1.37898,6.404573239629833
1.37907,6.40458904820025
1.3791600000000002,6.404588567222211
1.37925,6.404621442850946
1.37934,6.404644127767672
1.3794300000000002,6.40464077766277
1.37952,6.404676019839669
1.37961,6.404674809267286
1.3797000000000001,6.404670609592034
1.37979,6.404701668904783
1.37988,6.4047384126882
1.3799700000000001,6.4047461584786
1.38006,6.404756331224104
1.38015,6.404761058386698
1.3802400000000001,6.404758628609458
1.38033,6.4047991400096835
1.38042,6.404806659427392
1.3805100000000001,6.404805452907199
1.3806,6.404831830754791
1.3806900000000002,6.404850628275161
1.3807800000000001,6.404855450261576
1.38087,6.40487302351833
1.3809600000000002,6.4048896443948635
1.38105,6.404886607597263
1.38114,6.404915207281479
1.3812300000000002,6.404934517096408
1.38132,6.404938736846315
1.38141,6.4049508213469
1.3815000000000002,6.4049680618844675
1.38159,6.4049955756726975
1.38168,6.4050058512601655
1.3817700000000002,6.4050135278464175
1.38186,6.40505224722195
1.38195,6.405047408540956
1.3820400000000002,6.405051186386603
1.38213,6.405070868447073
1.38222,6.405072970354388
1.3823100000000001,6.405100555691966
1.3824,6.405129087907023
1.38249,6.40512805570867
1.3825800000000001,6.405116497948233
1.38267,6.405141620410803
1.38276,6.405168318583619
1.3828500000000001,6.405184444880205
1.38294,6.405192901750161
1.38303,6.40520130549723
1.3831200000000001,6.405230497317131
1.38321,6.405243430873369
1.3833000000000002,6.405244569523031
1.3833900000000001,6.405261847498578
1.38348,6.40527700142357
1.3835700000000002,6.405284309559724
1.3836600000000001,6.405302603335653
1.38375,6.405332277502544
1.3838400000000002,6.405344628211688
1.38393,6.405345687608329
1.38402,6.405356913695975
1.3841100000000002,6.405369718699818
1.3842,6.405373304333664
1.38429,6.405407257660362
1.3843800000000002,6.405424024811521
1.38447,6.405427653774127
1.38456,6.4054492186207
1.3846500000000002,6.405465331691293
1.38474,6.405468717727245
1.38483,6.405481728610904
1.3849200000000002,6.405506427686904
1.38501,6.405518137688817
1.3851,6.4055311801628365
1.3851900000000001,6.40554055925334
1.38528,6.405541006782149
1.38537,6.4055487448336565
1.3854600000000001,6.4055853789196755
1.38555,6.405597070748476
1.38564,6.405606438199445
1.3857300000000001,6.405635300268097
1.38582,6.405631114604883
1.3859100000000002,6.405649742259115
1.3860000000000001,6.405671907949984
1.38609,6.405681319388927
1.3861800000000002,6.405700690495134
1.3862700000000001,6.4057000326393325
1.38636,6.405721287728962
1.3864500000000002,6.405748223548789
1.38654,6.405747229028534
1.38663,6.4057728153411935
1.3867200000000002,6.405779144054234
1.38681,6.405773564094667
1.3869,6.405794748666981
1.3869900000000002,6.405831143601353
1.38708,6.405831044528504
1.38717,6.4058405845224184
1.3872600000000002,6.405868155443887
1.38735,6.405866995883839
1.38744,6.405876013922358
1.3875300000000002,6.405903202952907
1.38762,6.4059290640859485
1.38771,6.405936836192758
1.3878000000000001,6.4059358602089596
1.38789,6.405952976901942
1.38798,6.4059714463084205
1.3880700000000001,6.405979351049234
1.38816,6.405995481769878
1.38825,6.406004762918985
1.3883400000000001,6.4060180818226025
1.38843,6.406033876617362
1.38852,6.406043365446012
1.3886100000000001,6.4060683342215
1.3887,6.406077868178665
1.3887900000000002,6.406080561224121
1.3888800000000001,6.406101497310695
1.38897,6.406124069737473
1.3890600000000002,6.406138755632648
1.38915,6.406159014146271
1.38924,6.406175060481628
1.3893300000000002,6.406164308528443
1.38942,6.406174358208298
1.38951,6.4062074455888105
1.3896000000000002,6.406226880396959
1.38969,6.40622149748222
1.38978,6.406242866572055
1.3898700000000002,6.40627334868669
1.38996,6.406281879573506
1.39005,6.406272349909059
1.3901400000000002,6.406282391374375
1.39023,6.4063172048305415
1.39032,6.406329113147289
1.3904100000000001,6.406320256378129
1.3905,6.406342005699973
1.39059,6.40636641349355
1.3906800000000001,6.406391029789485
1.39077,6.406405034311218
1.39086,6.406399075996593
1.3909500000000001,6.406401675237998
1.39104,6.406430091593483
1.39113,6.4064640402565844
1.3912200000000001,6.406471687931612
1.39131,6.406458224084532
1.3914000000000002,6.406486538466638
1.3914900000000001,6.406505778629892
1.39158,6.406503325384521
1.3916700000000002,6.406524603376595
1.39176,6.4065243363924775
1.39185,6.406543253670567
1.3919400000000002,6.406570469667237
1.39203,6.406574972790773
1.39212,6.406596562775055
1.3922100000000002,6.4066160271863515
1.3923,6.40662775260802
1.39239,6.406639283749794
1.3924800000000002,6.406650368635291
1.39257,6.406660326056744
1.39266,6.406675190388147
1.3927500000000002,6.406691077329876
1.39284,6.406704153660943
1.39293,6.406727687171582
1.3930200000000001,6.406729185524961
1.39311,6.4067364225553645
1.3932,6.406768749008614
1.3932900000000001,6.406769543942261
1.39338,6.406776310864094
1.39347,6.406793046646499
1.3935600000000001,6.406804016040767
1.39365,6.406815406925069
1.39374,6.406843649274478
1.3938300000000001,6.406856411056501
1.39392,6.406859779591041
1.3940100000000002,6.4068840269345575
1.3941000000000001,6.4069039745494365
1.39419,6.4069105448082295
1.3942800000000002,6.4069084745871185
1.39437,6.406916472774698
1.39446,6.406947349923942
1.3945500000000002,6.406956957025018
1.39464,6.406971826804513
1.39473,6.406996933213995
1.3948200000000002,6.406997832561381
1.39491,6.407010692912762
1.395,6.40701978246123
1.3950900000000002,6.4070222060204225
1.39518,6.4070401579679395
1.39527,6.407075111100074
1.3953600000000002,6.407091784714442
1.39545,6.407094574085187
1.39554,6.407100266365656
1.3956300000000001,6.407107343102422
1.39572,6.407131700053585
1.39581,6.407142052974866
1.3959000000000001,6.407146034218947
1.39599,6.40717314995417
1.39608,6.407172598368
1.3961700000000001,6.407196267825119
1.39626,6.407229765998473
1.39635,6.407229845538986
1.3964400000000001,6.407235886733353
1.39653,6.407242148164479
1.3966200000000002,6.407257258177122
1.3967100000000001,6.407274355304586
1.3968,6.4072700076007845
1.3968900000000002,6.407286016278346
1.39698,6.407321760937657
1.39707,6.407342344526847
1.3971600000000002,6.407335976644733
1.39725,6.407346622154768
1.39734,6.407355022991462
1.3974300000000002,6.407366794592092
1.39752,6.407392469211228
1.39761,6.407407440866523
1.3977000000000002,6.4074301479058375
1.39779,6.4074281220427505
1.39788,6.407421361163571
1.3979700000000002,6.407472539319002
1.39806,6.407493312878711
1.39815,6.407472786952248
1.3982400000000001,6.407467632619151
1.39833,6.407504205924074
1.39842,6.407521608018798
1.3985100000000001,6.40753210858733
1.3986,6.407551203512716
1.39869,6.4075735235845
1.3987800000000001,6.407586477007616
1.39887,6.407584297658395
1.39896,6.407593945298439
1.3990500000000001,6.407614434522301
1.39914,6.407618663726648
1.3992300000000002,6.407630563877697
1.3993200000000001,6.40764409036085
1.39941,6.407662646572942
1.3995000000000002,6.407687697287874
1.3995900000000001,6.407691701453675
1.39968,6.407695225881806
1.3997700000000002,6.40771685050805
1.39986,6.407738784702403
1.39995,6.407733413325601
1.4000400000000002,6.407744845015334
1.40013,6.407765758994329
1.40022,6.407786764123269
1.4003100000000002,6.4078106595098365
1.4004,6.407810265613549
1.40049,6.407816378109905
1.4005800000000002,6.4078301037859084
1.40067,6.407837133309704
1.40076,6.407856005039704
1.4008500000000002,6.407870511638284
1.40094,6.407885154266819
1.40103,6.4079040949558905
1.4011200000000001,6.407912328491897
1.40121,6.4079123525950665
1.4013,6.407938251633789
1.4013900000000001,6.407960634194603
1.40148,6.407946175457842
1.40157,6.407978924993981
1.4016600000000001,6.4079984716831895
1.40175,6.408008808746474
1.4018400000000002,6.408035764361752
1.4019300000000001,6.408030085470602
1.40202,6.408037036565211
1.4021100000000002,6.408056843505181
1.4022000000000001,6.4080716436831215
1.40229,6.408081980893321
1.4023800000000002,6.408077795214236
1.40247,6.408089386319746
1.40256,6.408121885079284
1.4026500000000002,6.4081439042096795
1.40274,6.4081418169803905
1.40283,6.408155455270053
1.4029200000000002,6.408172094122979
1.40301,6.408176399543311
1.4031,6.408200286757846
1.4031900000000002,6.4082158020263975
1.40328,6.408224547213877
1.40337,6.408231483423291
1.4034600000000002,6.40823477660521
1.40355,6.408260307195636
1.40364,6.408282497165825
1.4037300000000001,6.408297820707834
1.40382,6.408318793242895
1.40391,6.40832534854923
1.4040000000000001,6.408322167913365
1.40409,6.408329416557152
1.40418,6.408345105843894
1.4042700000000001,6.4083515621118465
1.40436,6.408385392206881
1.4044500000000002,6.408400163064401
1.4045400000000001,6.408398407204481
1.40463,6.408429001829169
1.4047200000000002,6.4084373858576305
1.4048100000000001,6.408439464297278
1.4049,6.408447909085619
1.4049900000000002,6.408459019088389
1.40508,6.408480962011149
1.40517,6.408500719575227
1.4052600000000002,6.408511673248516
1.40535,6.408514892968651
1.40544,6.40851880481087
1.4055300000000002,6.408544301242094
1.40562,6.408564866366661
1.40571,6.4085725722065625
1.4058000000000002,6.408584810830267
1.40589,6.408591513877604
1.40598,6.408593704810612
1.4060700000000002,6.408610765021058
1.40616,6.408637223029293
1.40625,6.408638683121593
1.4063400000000001,6.408665096588396
1.40643,6.408691319069351
1.40652,6.408687576013183
1.4066100000000001,6.4086838953992595
1.4067,6.40870839758182
1.40679,6.408737300737321
1.4068800000000001,6.408746514030332
1.40697,6.40874333427517
1.4070600000000002,6.408753175069834
1.4071500000000001,6.408771068757753
1.40724,6.408781090498818
1.4073300000000002,6.408786528293925
1.4074200000000001,6.408806108582613
1.40751,6.408816878596618
1.4076000000000002,6.408834154353005
1.40769,6.408853945566747
1.40778,6.40885603701528
1.4078700000000002,6.408885562961792
1.40796,6.408905590166258
1.40805,6.408902497932203
1.4081400000000002,6.408901706630205
1.40823,6.408910825717612
1.40832,6.408939505565942
1.4084100000000002,6.4089640797512
1.4085,6.408970700238746
1.40859,6.408982939801803
1.4086800000000002,6.409002205762711
1.40877,6.409000514600138
1.40886,6.408994008108771
1.4089500000000001,6.409021491271418
1.40904,6.4090474030725355
1.40913,6.409057753415445
1.4092200000000001,6.409065206404539
1.40931,6.40907583038043
1.4094,6.40907794977014
1.4094900000000001,6.409105096787029
1.40958,6.409136010585131
1.40967,6.409145040756781
1.4097600000000001,6.4091436977631915
1.40985,6.409131757312743
1.4099400000000002,6.409149613168054
1.4100300000000001,6.4091803927595645
1.41012,6.40918284081798
1.4102100000000002,6.409202334062548
1.4103,6.409221803955504
1.41039,6.409228996123083
1.4104800000000002,6.409235503409674
1.41057,6.409251638080541
1.41066,6.409267203209689
1.4107500000000002,6.409280906895533
1.41084,6.409296745810509
1.41093,6.409311893520951
1.4110200000000002,6.409317051809057
1.41111,6.409330003249874
1.4112,6.409349747027611
1.4112900000000002,6.409356078858002
1.41138,6.409351255183017
1.41147,6.40936563068943
1.4115600000000001,6.40939454223398
1.41165,6.409417300642996
1.41174,6.409430506077882
1.4118300000000001,6.409430054385649
1.41192,6.409450720140566
1.41201,6.409463040235661
1.4121000000000001,6.409427792327276
1.41219,6.409468288978074
1.41228,6.409494607588092
1.4123700000000001,6.409497238075227
1.41246,6.409531584115525
1.4125500000000002,6.409535793639861
1.4126400000000001,6.409535407336524
1.41273,6.409544902054202
1.4128200000000002,6.4095649434492294
1.41291,6.409595368966055
1.413,6.409599137795387
1.4130900000000002,6.409596711811999
1.41318,6.409611692262412
1.41327,6.409633947520799
1.4133600000000002,6.409645969756723
1.41345,6.409660235608247
1.41354,6.409671547889379
1.4136300000000002,6.409672012931246
1.41372,6.409682029234392
1.41381,6.409705507707601
1.4139000000000002,6.4097232581354495
1.41399,6.409727887026474
1.41408,6.409735507023704
1.4141700000000001,6.4097489621458195
1.41426,6.40976928455163
1.41435,6.409781151952557
1.4144400000000001,6.409777801133251
1.41453,6.409792853237084
1.41462,6.409812121399782
1.4147100000000001,6.409831510054867
1.4148,6.4098444703050985
1.41489,6.409835015542783
1.4149800000000001,6.409863533496115
1.41507,6.409895943274865
1.4151600000000002,6.409897394747064
1.4152500000000001,6.409895846104033
1.41534,6.409900509448954
1.4154300000000002,6.409925751676877
1.4155200000000001,6.409942374633568
1.41561,6.409927156775376
1.4157000000000002,6.409937917789208
1.41579,6.409980222009999
1.41588,6.410000892953717
1.4159700000000002,6.409991298857869
1.41606,6.410012605045304
1.41615,6.410023869993945
1.4162400000000002,6.410035962552785
1.41633,6.410056185866819
1.41642,6.41006673309784
1.4165100000000002,6.410089082542952
1.4166,6.4100981096071825
1.41669,6.410097104057963
1.4167800000000002,6.410108917199754
1.41687,6.4101220722968675
1.41696,6.4101334499172875
1.4170500000000001,6.410154423867261
1.41714,6.410174775675488
1.41723,6.410171461209985
1.4173200000000001,6.410188653639531
1.41741,6.410201520514265
1.4175,6.410203998593909
1.4175900000000001,6.410224073721299
1.41768,6.410239490558725
1.4177700000000002,6.41024626932295
1.4178600000000001,6.410251121510013
1.41795,6.4102568445257075
1.4180400000000002,6.4102652514935645
1.4181300000000001,6.410300305372995
1.41822,6.41031469100622
1.4183100000000002,6.410315695209208
1.4184,6.410361926360686
1.41849,6.410344800322969
1.4185800000000002,6.410348904633732
1.41867,6.410380851145
1.41876,6.410366829772322
1.4188500000000002,6.410382865088624
1.41894,6.410406299175263
1.41903,6.410416635327367
1.4191200000000002,6.410422221903527
1.41921,6.410434756157949
1.4193,6.410468330778948
1.4193900000000002,6.410483306355233
1.41948,6.410473656698984
1.41957,6.410485101792406
1.4196600000000001,6.410508715465111
1.41975,6.4105276166994285
1.41984,6.41053345667566
1.4199300000000001,6.41052979637507
1.42002,6.410531531377443
1.42011,6.410558739282363
1.4202000000000001,6.410585565412275
1.42029,6.410587507160459
1.4203800000000002,6.410588126557401
1.4204700000000001,6.410608821637716
1.42056,6.410624345601079
1.4206500000000002,6.410630613536756
1.4207400000000001,6.41064647473587
1.42083,6.410644355862145
1.4209200000000002,6.410661076296838
1.42101,6.410691381338348
1.4211,6.410705220519652
1.4211900000000002,6.410715530156307
1.42128,6.4106949007192275
1.42137,6.410706141205697
1.4214600000000002,6.410766677922951
1.42155,6.410782983630396
1.42164,6.410762355481701
1.4217300000000002,6.410753503529299
1.42182,6.4107784116409805
1.42191,6.41081287094367
1.4220000000000002,6.410820432177434
1.42209,6.410815532076707
1.42218,6.410831519790239
1.4222700000000001,6.410864373980631
1.42236,6.410865584693543
1.42245,6.410854844609186
1.4225400000000001,6.410870426546686
1.42263,6.410903355398951
1.42272,6.410911136587592
1.4228100000000001,6.410917095709893
1.4229,6.41092836453475
1.4229900000000002,6.410942501298167
1.4230800000000001,6.410955748960546
1.42317,6.4109588405738585
1.4232600000000002,6.410954239600831
1.4233500000000001,6.410972209974593
1.42344,6.411012393987203
1.4235300000000002,6.4110255850023075
1.42362,6.411040144692747
1.42371,6.411044603686659
1.4238000000000002,6.411036524137474
1.42389,6.411044581859644
1.42398,6.41106061713424
1.4240700000000002,6.411091519436674
1.42416,6.4111142850455165
1.42425,6.411111426327043
1.4243400000000002,6.411123597135589
1.42443,6.411125577535539
1.42452,6.4111361425913005
1.4246100000000002,6.411165881669796
1.4247,6.411172998286381
1.42479,6.4111785894121285
1.4248800000000001,6.4111840834308556
1.42497,6.4111918462418185
1.42506,6.411212144012283
1.4251500000000001,6.411230420087257
1.42524,6.411239427990607
1.42533,6.411254501111781
1.4254200000000001,6.411276089511049
1.42551,6.41126992014046
1.4256000000000002,6.411268623899023
1.4256900000000001,6.411277961501659
1.42578,6.41129928088709
1.4258700000000002,6.4113398388924825
1.4259600000000001,6.41134336843356
1.42605,6.411327032928899
1.4261400000000002,6.411337055038623
1.42623,6.41137443942818
1.42632,6.411382600053615
1.4264100000000002,6.411396126195297
1.4265,6.411422329708241
1.42659,6.411428170931306
1.4266800000000002,6.411404531683646
1.42677,6.41139663381141
1.42686,6.411458871714412
1.4269500000000002,6.411509697301057
1.42704,6.4114341941681054
1.42713,6.411439456651696
1.4272200000000002,6.4115011733999125
1.42731,6.411541196292015
1.4274,6.411550156004558
1.4274900000000001,6.411533844902971
1.42758,6.411527339198208
1.42767,6.411533780209098
1.4277600000000001,6.411547825510631
1.42785,6.411576576117721
1.42794,6.411575274570477
1.4280300000000001,6.4115886476235575
1.42812,6.411625374130073
1.42821,6.411632702472666
1.4283000000000001,6.411650927111582
1.42839,6.41164956162141
1.4284800000000002,6.411648702106919
1.4285700000000001,6.411680115971791
1.42866,6.411682161856423
1.4287500000000002,6.411690006251819
1.42884,6.411700860811061
1.42893,6.4117085715358435
1.4290200000000002,6.411741387971594
1.42911,6.411753982675582
1.4292,6.411754885683023
1.4292900000000002,6.411771786917542
1.42938,6.4117964582045985
1.42947,6.411789335102762
1.4295600000000002,6.411787071266087
1.42965,6.411801255769097
1.42974,6.411816331983687
1.4298300000000002,6.411838807535177
1.42992,6.411846613009648
1.43001,6.411851313274568
1.4301000000000001,6.41186375733359
1.43019,6.411872967621783
1.43028,6.411897671720555
1.4303700000000001,6.4119024837012315
1.43046,6.411908816366684
1.43055,6.411958791679757
1.4306400000000001,6.411972287046081
1.43073,6.4119488570090315
1.43082,6.411937408733846
1.4309100000000001,6.4119560045563055
1.431,6.411966800131749
1.4310900000000002,6.411983922383041
1.4311800000000001,6.412017661141149
1.43127,6.412040412039038
1.4313600000000002,6.412026316729795
1.4314500000000001,6.412033377264724
1.43154,6.412046649179869
1.4316300000000002,6.412070896095655
1.43172,6.4121080806741455
1.43181,6.412085191544269
1.4319000000000002,6.412082510270093
1.43199,6.412110282407043
1.43208,6.412127479989414
1.4321700000000002,6.412139629407113
1.43226,6.412147367766806
1.43235,6.412166218174825
1.4324400000000002,6.412182293472204
1.43253,6.412171028589911
1.43262,6.412178881695676
1.4327100000000002,6.412191375700481
1.4328,6.4122024687659644
1.43289,6.412222089845932
1.4329800000000001,6.412234415842981
1.43307,6.412238634299554
1.43316,6.412249940421073
1.4332500000000001,6.412270228664556
1.43334,6.412281968427789
1.43343,6.412295203570539
1.4335200000000001,6.412314255394667
1.43361,6.412329750960203
1.4337000000000002,6.412334436223425
1.4337900000000001,6.412342480648693
1.43388,6.41235195145992
1.4339700000000002,6.412354544611723
1.4340600000000001,6.412355491369092
1.43415,6.4123717001786575
1.4342400000000002,6.412380602762472
1.43433,6.412397997158725
1.43442,6.41243292322048
1.4345100000000002,6.412450832833835
1.4346,6.412437361926716
1.43469,6.412440426993246
1.4347800000000002,6.412470421169081
1.43487,6.412483896055688
1.43496,6.4124693528062275
1.4350500000000002,6.412476872777458
1.43514,6.41251104539268
1.43523,6.412533750540459
1.4353200000000002,6.412532118668105
1.43541,6.4125471453968075
1.4355,6.41257098105521
1.4355900000000001,6.412574255110482
1.43568,6.412561383408922
1.43577,6.412575426554487
1.4358600000000001,6.412597401667345
1.43595,6.412605689213935
1.43604,6.412611287829563
1.4361300000000001,6.412633319445569
1.43622,6.412649568625236
1.4363100000000002,6.412663195532787
1.4364000000000001,6.412679626745083
1.43649,6.412679326913829
1.4365800000000002,6.412679175920186
1.4366700000000001,6.412697546512005
1.43676,6.412720157632135
1.4368500000000002,6.412721522535058
1.43694,6.412725447293397
1.43703,6.412736339047111
1.4371200000000002,6.41275281579996
1.43721,6.412767304922082
1.4373,6.412763907113789
1.4373900000000002,6.412770920545952
1.43748,6.412805429136471
1.43757,6.4128399578089965
1.4376600000000002,6.412836067992237
1.43775,6.412840714319285
1.43784,6.4128561764643015
1.4379300000000002,6.412860488531553
1.43802,6.412852717093237
1.43811,6.412860028790907
1.4382000000000001,6.412880249213361
1.43829,6.412911600126806
1.43838,6.412934569879559
1.4384700000000001,6.412913785714472
1.43856,6.412926834273656
1.43865,6.4129543664235245
1.4387400000000001,6.412955854457788
1.43883,6.412958778627908
1.4389200000000002,6.412978154169716
1.4390100000000001,6.412986650210536
1.4391,6.412980884217479
1.4391900000000002,6.4129897348976685
1.4392800000000001,6.413018946856278
1.43937,6.413042947436039
1.4394600000000002,6.413056607556773
1.43955,6.413065839131461
1.43964,6.413067694970525
1.4397300000000002,6.413082849754044
1.43982,6.413086159211941
1.43991,6.4130808433135105
1.4400000000000002,6.413104435678263
1.44009,6.413114857293833
1.44018,6.413125317369348
1.4402700000000002,6.413144019284103
1.44036,6.413158188163696
1.44045,6.413171158086834
1.4405400000000002,6.4131756593076465
1.44063,6.413192111646957
1.44072,6.4132122196787
1.4408100000000001,6.413196189316027
1.4409,6.413229482206462
1.44099,6.413253061567764
1.4410800000000001,6.413230015686406
1.44117,6.413228288502562
1.44126,6.413260190902873
1.4413500000000001,6.413290691201272
1.44144,6.413297102504295
1.4415300000000002,6.413292230317698
1.4416200000000001,6.413305045366205
1.44171,6.413333020567374
1.4418000000000002,6.413351168976109
1.4418900000000001,6.413345339605871
1.44198,6.4133367891944815
1.4420700000000002,6.413363362209616
1.44216,6.413377496588419
1.44225,6.413376587233088
1.4423400000000002,6.413403936643057
1.44243,6.413414626162175
1.44252,6.4134207935025636
1.4426100000000002,6.413431911325569
1.4427,6.413444189520451
1.44279,6.4134650272839675
1.4428800000000002,6.413489729344869
1.44297,6.413491359541242
1.44306,6.41347243171211
1.4431500000000002,6.413476989507707
1.44324,6.413511380864779
1.44333,6.41352339062902
1.4434200000000001,6.413520717403174
1.44351,6.41354891068479
1.4436,6.413569302391244
1.4436900000000001,6.413564096287268
1.44378,6.413568423643191
1.44387,6.413587764483534
1.4439600000000001,6.41357210336919
1.44405,6.413600759963257
1.4441400000000002,6.413625271798357
1.4442300000000001,6.4136215323442105
1.44432,6.413647651644302
1.4444100000000002,6.413642809780199
1.4445000000000001,6.413662912765438
1.44459,6.413696513031322
1.4446800000000002,6.413687359626971
1.44477,6.413696268519328
1.44486,6.41371015358655
1.4449500000000002,6.413716015304774
1.44504,6.413725439622649
1.44513,6.413746961726845
1.4452200000000002,6.413753851839376
1.44531,6.41376020468157
1.4454,6.413774622423311
1.4454900000000002,6.413777875101285
1.44558,6.413771879738547
1.44567,6.413792496632715
1.4457600000000002,6.4138244634604495
1.44585,6.41383381414445
1.44594,6.413843907396792
1.4460300000000001,6.413857279355427
1.44612,6.413865099108839
1.44621,6.413866017903621
1.4463000000000001,6.413872241694524
1.44639,6.413892413267379
1.44648,6.413908715992257
1.4465700000000001,6.41390548706157
1.44666,6.413899895663915
1.44675,6.413931447607226
1.4468400000000001,6.413946527655518
1.44693,6.413956470944569
1.4470200000000002,6.4139840997874105
1.4471100000000001,6.413971400112774
1.4472,6.413979066295112
1.4472900000000002,6.413992547392548
1.44738,6.413996919482693
1.44747,6.414027071061706
1.4475600000000002,6.414037435132373
1.44765,6.414041439035533
1.44774,6.414048191229065
1.4478300000000002,6.414049984102421
1.44792,6.4140690020423134
1.44801,6.414080700420626
1.4481000000000002,6.414090382075128
1.44819,6.414107649014513
1.44828,6.414109083949343
1.4483700000000002,6.41411614996682
1.44846,6.414132703335352
1.44855,6.414147666750771
1.4486400000000001,6.414156993667449
1.44873,6.414170487396299
1.44882,6.414186652032893
1.4489100000000001,6.4141887700682245
1.449,6.414186285142383
1.44909,6.414224863145096
1.4491800000000001,6.414219092868092
1.44927,6.41421390993113
1.44936,6.414247907862141
1.4494500000000001,6.4142353792253015
1.44954,6.414257453350845
1.4496300000000002,6.414281267596462
1.4497200000000001,6.414270586278251
1.44981,6.414269404778778
1.4499000000000002,6.4143031647875315
1.4499900000000001,6.414323475420595
1.45008,6.414330512810046
1.4501700000000002,6.41434160882161
1.45026,6.414320257921702
1.45035,6.4143422706831235
1.4504400000000002,6.414385718801386
1.45053,6.414398291077072
1.45062,6.414397981224695
1.4507100000000002,6.41439621170535
1.4508,6.414386545204615
1.45089,6.414393385262138
1.4509800000000002,6.414436852394805
1.45107,6.414454086139939
1.45116,6.4144606890153755
1.4512500000000002,6.414459948972023
1.45134,6.414453840678985
1.45143,6.414477926684067
1.4515200000000001,6.414490597801675
1.45161,6.414497252074148
1.4517,6.414510879993582
1.4517900000000001,6.414518259391926
1.45188,6.41454003804508
1.45197,6.4145617185072705
1.4520600000000001,6.414569152098518
1.45215,6.41456974672229
1.4522400000000002,6.414575922028019
1.4523300000000001,6.414585502657856
1.45242,6.414593864131506
1.4525100000000002,6.414596983926693
1.4526000000000001,6.414598384658513
1.45269,6.414626930695542
1.4527800000000002,6.414645278506481
1.45287,6.414650620734317
1.45296,6.414679167241655
1.4530500000000002,6.41466379293194
1.45314,6.414661326200487
1.45323,6.414687475176304
1.4533200000000002,6.414702852272242
1.45341,6.4147210897545985
1.4535,6.414710036227435
1.4535900000000002,6.414711393842699
1.45368,6.414750076137372
1.45377,6.414764742562899
1.4538600000000002,6.41477774442079
1.45395,6.414781023702379
1.45404,6.414770769766682
1.4541300000000001,6.414773613840811
1.45422,6.414801870393565
1.45431,6.414819528921462
1.4544000000000001,6.414821009965474
1.45449,6.4148323444873565
1.45458,6.4148541968472665
1.4546700000000001,6.414850275323517
1.45476,6.414853841871715
1.4548500000000002,6.414881455915677
1.4549400000000001,6.414886274697049
1.45503,6.414895559216444
1.4551200000000002,6.414903212225883
1.4552100000000001,6.414909274670131
1.4553,6.4149283720249315
1.4553900000000002,6.414944408231646
1.45548,6.414954855156142
1.45557,6.414959117487305
1.4556600000000002,6.4149637499386625
1.45575,6.414983032199476
1.45584,6.414997157520361
1.4559300000000002,6.415007670722194
1.45602,6.4150255375826
1.45611,6.4150433889002745
1.4562000000000002,6.415037672335442
1.45629,6.415029910702899
1.45638,6.415045512400429
1.4564700000000002,6.4150721896203535
1.45656,6.415069863277363
1.45665,6.4150761994002865
1.4567400000000001,6.415089295808208
1.45683,6.4150962561284475
1.45692,6.415121615238536
1.4570100000000001,6.415130302927453
1.4571,6.415138712951978
1.45719,6.415142980692271
1.4572800000000001,6.415123688539183
1.45737,6.4151636312188876
1.4574600000000002,6.4151868603061954
1.4575500000000001,6.415187168533151
1.45764,6.415213921786497
1.4577300000000002,6.415206592192824
1.4578200000000001,6.415200524777173
1.45791,6.415212294291237
1.4580000000000002,6.415235674712931
1.45809,6.415269179393736
1.45818,6.415279600175496
1.4582700000000002,6.415279849917918
1.45836,6.415285070799025
1.45845,6.415288255416466
1.4585400000000002,6.415293252404979
1.45863,6.415305891781954
1.45872,6.415315673213431
1.4588100000000002,6.415319001618201
1.4589,6.415337873901916
1.45899,6.415353745938661
1.4590800000000002,6.415368228312137
1.45917,6.415375499739944
1.45926,6.415366101581101
1.4593500000000001,6.415407225740927
1.45944,6.415418392342007
1.45953,6.415394206646776
1.4596200000000001,6.415416175974754
1.45971,6.4154345348947
1.4598,6.415463700995955
1.4598900000000001,6.4154745298580895
1.45998,6.4154531463736575
1.4600700000000002,6.41546802021561
1.4601600000000001,6.415471894148174
1.46025,6.415488958450469
1.4603400000000002,6.4155233800209475
1.4604300000000001,6.415521195092392
1.46052,6.41552900085936
1.4606100000000002,6.415544769042165
1.4607,6.415551827712817
1.46079,6.415555412849821
1.4608800000000002,6.41557154790498
1.46097,6.415585048353802
1.46106,6.415583468499109
1.4611500000000002,6.41558345645262
1.46124,6.415609880863996
1.46133,6.415619000209085
1.4614200000000002,6.415633468587321
1.46151,6.4156550309360245
1.4616,6.4156471443785525
1.4616900000000002,6.4156583398416815
1.46178,6.41567824775101
1.46187,6.415681555155192
1.4619600000000001,6.415674527774975
1.46205,6.41569037240264
1.46214,6.415720173331931
1.4622300000000001,6.4157190699129
1.46232,6.415702458042837
1.46241,6.415738932820554
1.4625000000000001,6.415738463289452
1.46259,6.415744004137709
1.4626800000000002,6.4157735457194205
1.4627700000000001,6.41577538863254
1.46286,6.415797688967532
1.4629500000000002,6.415816848506956
1.4630400000000001,6.415819942989328
1.46313,6.415822334959531
1.4632200000000002,6.415824781153494
1.46331,6.415821125843622
1.4634,6.4158478573411015
1.4634900000000002,6.415887674542715
1.46358,6.415874963082965
1.46367,6.415896697616666
1.4637600000000002,6.415906606710293
1.46385,6.415892212566315
1.46394,6.415907352905196
1.4640300000000002,6.415920546709522
1.46412,6.415935517389553
1.46421,6.415950276897549
1.4643000000000002,6.415950727887398
1.46439,6.415942255888067
1.46448,6.41596827057322
1.4645700000000001,6.415995687849161
1.46466,6.416001277317975
1.46475,6.4160126340158525
1.4648400000000001,6.416006990607149
1.46493,6.416017284522127
1.46502,6.416035483422574
1.4651100000000001,6.416028916885872
1.4652,6.416037814035323
1.46529,6.416064335227861
1.4653800000000001,6.416078243938626
1.46547,6.416074151273373
1.4655600000000002,6.416089201806158
1.4656500000000001,6.4161106854343934
1.46574,6.416116374993221
1.4658300000000002,6.416112774496819
1.4659200000000001,6.416127871274589
1.46601,6.416156941095037
1.4661000000000002,6.4161532940351345
1.46619,6.416152144436791
1.46628,6.416189623534347
1.4663700000000002,6.416180122373136
1.46646,6.4161863607115945
1.46655,6.416200721873865
1.4666400000000002,6.416210589475157
1.46673,6.416256151787133
1.46682,6.416241183228449
1.4669100000000002,6.416228262570269
1.467,6.416249360728409
1.46709,6.416250026566628
1.4671800000000002,6.416268022194977
1.46727,6.41627627297156
1.46736,6.416283249201715
1.4674500000000001,6.416309801028205
1.46754,6.416323272586335
1.46763,6.416344326336376
1.4677200000000001,6.416350116726347
1.46781,6.416331878171216
1.4679,6.416331779525382
1.4679900000000001,6.416348966744846
1.46808,6.41637221315869
1.4681700000000002,6.4163890321298425
1.4682600000000001,6.416394373599838
1.46835,6.416400680897622
1.4684400000000002,6.416419603923166
1.4685300000000001,6.416433582082505
1.46862,6.416427813581272
1.4687100000000002,6.416426431941078
1.4688,6.416449067843758
1.46889,6.416475400703234
1.4689800000000002,6.416479803657079
1.46907,6.416475331892154
1.46916,6.416509925779093
1.4692500000000002,6.416530517514577
1.46934,6.416523245169671
1.46943,6.416524404277292
1.4695200000000002,6.4165199115333
1.46961,6.41652727521727
1.4697,6.416552267242974
1.4697900000000002,6.416572003278923
1.46988,6.4165680964771825
1.46997,6.416590018118423
1.4700600000000001,6.416608786170482
1.47015,6.4165997853381915
1.47024,6.416594384834161
1.4703300000000001,6.416606439852342
1.47042,6.41662048279646
1.47051,6.416635569853793
1.4706000000000001,6.416661182496453
1.47069,6.416684346954521
1.4707800000000002,6.416684466506156
1.4708700000000001,6.416681515824084
1.47096,6.416697817919955
1.4710500000000002,6.41671897957349
1.4711400000000001,6.416725909655069
1.47123,6.416710882741515
1.4713200000000002,6.416699339043013
1.47141,6.4167221571553466
1.4715,6.416755416052939
1.4715900000000002,6.416773430389176
1.47168,6.416775116987875
1.47177,6.416781786950057
1.4718600000000002,6.4168074113085085
1.47195,6.416810800001291
1.47204,6.416804904588836
1.4721300000000002,6.41681325505727
1.47222,6.416823637206385
1.47231,6.416837738782758
1.4724000000000002,6.4168472043331155
1.47249,6.416854595367266
1.47258,6.4168677726957135
1.4726700000000001,6.416874535687586
1.47276,6.416885883574105
1.47285,6.416906523062434
1.4729400000000001,6.416919380820858
1.47303,6.416907740745049
1.47312,6.416913642346944
1.4732100000000001,6.4169336428013155
1.4733,6.416949063181447
1.4733900000000002,6.416964134488008
1.4734800000000001,6.416979650529403
1.47357,6.41697102192294
1.4736600000000002,6.416970891692488
1.4737500000000001,6.417007115799841
1.47384,6.417005705151631
1.4739300000000002,6.41702665698417
1.47402,6.417043602108066
1.47411,6.417029962395493
1.4742000000000002,6.417051113603876
1.47429,6.417038515614022
1.47438,6.417041450869267
1.4744700000000002,6.417082707394277
1.47456,6.417096302824859
1.47465,6.41709122337144
1.4747400000000002,6.417094435413199
1.47483,6.417116131681143
1.47492,6.417138506253645
1.4750100000000002,6.417137305299964
1.4751,6.417148867753762
1.47519,6.417150075422453
1.4752800000000001,6.417141837028832
1.47537,6.4171797144631
1.47546,6.417185239387463
1.4755500000000001,6.417178707033717
1.47564,6.417190094039528
1.47573,6.417203305836762
1.4758200000000001,6.417219302427704
1.47591,6.417229217258446
1.4760000000000002,6.417245703921405
1.4760900000000001,6.417264233012618
1.47618,6.417247858282883
1.4762700000000002,6.417275678900249
1.4763600000000001,6.417303701802448
1.47645,6.417290467256231
1.4765400000000002,6.417292674350287
1.47663,6.417297506998528
1.47672,6.4173139819358545
1.4768100000000002,6.417335501165607
1.4769,6.417349764489117
1.47699,6.417380779268898
1.4770800000000002,6.41736694921774
1.47717,6.417354273831661
1.47726,6.417378085436437
1.4773500000000002,6.417349409077608
1.47744,6.417371969478917
1.47753,6.4174045123726735
1.4776200000000002,6.417404892414086
1.47771,6.417427493254049
1.4778,6.4174412886247
1.4778900000000001,6.417451419104895
1.47798,6.417448152458137
1.47807,6.417434802327266
1.4781600000000001,6.417474730059503
1.47825,6.4174935407195095
1.47834,6.4174883595109575
1.4784300000000001,6.417499894473727
1.47852,6.417514685599832
1.4786100000000002,6.417520293581406
1.4787000000000001,6.417538432361604
1.47879,6.417557543246509
1.4788800000000002,6.417548580904109
1.4789700000000001,6.417562167742783
1.47906,6.417563214217836
1.4791500000000002,6.417556850069438
1.47924,6.417582943282004
1.47933,6.417616798507459
1.4794200000000002,6.417609342826173
1.47951,6.4176063372119465
1.4796,6.417640677456602
1.4796900000000002,6.417656690175837
1.47978,6.417650983846333
1.47987,6.417647423015152
1.4799600000000002,6.417651658338589
1.48005,6.4176567396883915
1.48014,6.417681001607394
1.4802300000000002,6.4177105419350475
1.48032,6.417702868070238
1.48041,6.417679665530421
1.4805000000000001,6.4177332631644495
1.48059,6.417746600806037
1.48068,6.417741362379237
1.4807700000000001,6.4177626486268595
1.48086,6.417763830480381
1.48095,6.4177655139761445
1.4810400000000001,6.417786211682078
1.48113,6.417799752672266
1.4812200000000002,6.417789224383226
1.4813100000000001,6.41781214405616
1.4814,6.417825192441515
1.4814900000000002,6.417823771913499
1.4815800000000001,6.417829157272121
1.48167,6.417832184811599
1.4817600000000002,6.417867246016973
1.4818500000000001,6.417892565219962
1.48194,6.417890437294116
1.4820300000000002,6.417901322769982
1.48212,6.417900343268115
1.48221,6.41789526300501
1.4823000000000002,6.417901962066206
1.48239,6.417916985129854
1.48248,6.417926528121609
1.4825700000000002,6.4179561860461085
1.48266,6.417976330406122
1.48275,6.417964712094388
1.4828400000000002,6.417966144108267
1.48293,6.41798702644996
1.48302,6.417998452199989
1.4831100000000002,6.4180005502200315
1.4832,6.418016200724094
1.48329,6.4180172326837495
1.4833800000000001,6.418014997057099
1.48347,6.418029754622223
1.48356,6.41806180589003
1.4836500000000001,6.418087400298782
1.48374,6.418079646864092
1.4838300000000002,6.418072674699406
1.4839200000000001,6.418091176392636
1.48401,6.4181044047384335
1.4841000000000002,6.41811356229034
1.4841900000000001,6.418129303968425
1.48428,6.41814380571981
1.4843700000000002,6.418144603486705
1.4844600000000001,6.418150101682472
1.48455,6.418160321415166
1.4846400000000002,6.418172530327725
1.48473,6.418188003721557
1.48482,6.418204431431407
1.4849100000000002,6.418207848852643
1.485,6.418203931289293
1.48509,6.418206644670496
1.4851800000000002,6.418223647287229
1.48527,6.418255859424277
1.48536,6.418263558597282
1.4854500000000002,6.418243328781459
1.48554,6.418237691984867
1.48563,6.4182680609437295
1.4857200000000002,6.418302576337095
1.48581,6.418314636173058
1.4859,6.418309560238505
1.4859900000000001,6.418310684867496
1.48608,6.418316145075752
1.48617,6.41832874508709
1.4862600000000001,6.4183478568654095
1.48635,6.418360209377071
1.48644,6.41835640414886
1.4865300000000001,6.418375317197839
1.48662,6.418400559009739
1.4867100000000002,6.4183982149892564
1.4868000000000001,6.41841351507326
1.48689,6.418424592098871
1.4869800000000002,6.4184315418530185
1.4870700000000001,6.418438097792757
1.48716,6.4184300272393555
1.4872500000000002,6.418449878688407
1.48734,6.4184601277157185
1.48743,6.418454498565381
1.4875200000000002,6.418474806849406
1.48761,6.418483516023117
1.4877,6.418499865984561
1.4877900000000002,6.418516745085695
1.48788,6.418520087279122
1.48797,6.418540796503196
1.4880600000000002,6.418536086850682
1.48815,6.418538754271234
1.48824,6.418558082887025
1.4883300000000002,6.418541548699703
1.48842,6.418569092516034
1.48851,6.418591663108569
1.4886000000000001,6.418589950499853
1.48869,6.418609674073373
1.48878,6.418620466528298
1.4888700000000001,6.418634739690275
1.48896,6.418639229744789
1.48905,6.41863016916018
1.4891400000000001,6.4186511495251946
1.48923,6.418660028049849
1.4893200000000002,6.418668829886313
1.4894100000000001,6.418688261642014
1.4895,6.41868983441971
1.4895900000000002,6.418693470894445
1.4896800000000001,6.418705215536182
1.48977,6.418718081883633
1.4898600000000002,6.418730682729397
1.48995,6.418750438145397
1.49004,6.4187477569478535
1.4901300000000002,6.418747341246271
1.49022,6.4187711754016314
1.49031,6.418777892145543
1.4904000000000002,6.418777211344684
1.49049,6.418785862653678
1.49058,6.4188037023305755
1.4906700000000002,6.418817992632722
1.49076,6.418826742131291
1.49085,6.4188426393819835
1.4909400000000002,6.41885066281548
1.49103,6.418843363524946
1.49112,6.418866721493901
1.4912100000000001,6.418893517234806
1.4913,6.418895509774433
1.49139,6.418887582122628
1.4914800000000001,6.418902595114191
1.49157,6.418905791029694
1.49166,6.418901198601917
1.4917500000000001,6.418917281365312
1.49184,6.418954655855222
1.4919300000000002,6.418966233831733
1.4920200000000001,6.418972269092848
1.49211,6.418975762871538
1.4922000000000002,6.418970571056181
1.4922900000000001,6.41898826936915
1.49238,6.419009711535106
1.4924700000000002,6.419013565009425
1.49256,6.419014772424025
1.49265,6.4190398212542314
1.4927400000000002,6.4190455552129
1.49283,6.4190588811854195
1.49292,6.419075152996138
1.4930100000000002,6.419063440800203
1.4931,6.419076860067112
1.49319,6.419076580764148
1.4932800000000002,6.419075240673522
1.49337,6.419096117173574
1.49346,6.419094831229428
1.4935500000000002,6.4191207666245305
1.49364,6.419140942804204
1.49373,6.419139759471713
1.4938200000000001,6.419164217654884
1.49391,6.419168759308164
1.494,6.419183575846263
1.4940900000000001,6.419202953062698
1.49418,6.419189407084357
1.49427,6.4191833544359875
1.4943600000000001,6.419201219494039
1.49445,6.419222617528259
1.4945400000000002,6.419231448128847
1.4946300000000001,6.419244732725216
1.49472,6.419268312970226
1.4948100000000002,6.419263403680804
1.4949000000000001,6.419250488404124
1.49499,6.419287326691284
1.4950800000000002,6.41930055910665
1.49517,6.41929815573383
1.49526,6.419306601994226
1.4953500000000002,6.419320541970169
1.49544,6.419323469610113
1.49553,6.419345133652771
1.4956200000000002,6.4193619580624475
1.49571,6.419352191636091
1.4958,6.419354452180719
1.4958900000000002,6.419380465044788
1.49598,6.419390742940429
1.49607,6.4193927223363385
1.4961600000000002,6.419420345134801
1.49625,6.4194113245831605
1.49634,6.419405769155443
1.4964300000000001,6.419422244808416
1.49652,6.419435263762059
1.49661,6.419442520958439
1.4967000000000001,6.419465575750633
1.49679,6.4194885730441555
1.49688,6.419498912459558
1.4969700000000001,6.419510984761166
1.49706,6.419506699250382
1.4971500000000002,6.419509966160102
1.4972400000000001,6.41952231998892
1.49733,6.419522205662024
1.4974200000000002,6.419532694054731
1.4975100000000001,6.419555168455211
1.4976,6.419571069822419
1.4976900000000002,6.4195702774878525
1.4977800000000001,6.419571263251763
1.49787,6.419593814367665
1.4979600000000002,6.419601404556182
1.49805,6.41959792631188
1.49814,6.419631681493134
1.4982300000000002,6.419638767245289
1.49832,6.4196388784683664
1.49841,6.4196466490837505
1.4985000000000002,6.419648762342437
1.49859,6.419663526915878
1.49868,6.419678025899683
1.4987700000000002,6.419699836046448
1.49886,6.419713915990549
1.49895,6.419683634623657
1.4990400000000002,6.419715240441788
1.49913,6.419751063471161
1.49922,6.419741037508783
1.4993100000000001,6.419742575714936
1.4994,6.419755718605336
1.49949,6.4197641052721455
1.4995800000000001,6.419774499908441
1.49967,6.419791375454009
1.4997600000000002,6.4197879963777496
1.4998500000000001,6.419797841677828
1.49994,6.419812001617864
1.5000300000000002,6.419818963510591
1.5001200000000001,6.419842377047255
1.50021,6.419853856905059
1.5003000000000002,6.4198530296556795
1.5003900000000001,6.41986121441632
1.50048,6.4198789063562245
1.5005700000000002,6.419870512505616
1.50066,6.419894848625509
1.50075,6.4199104293178175
1.5008400000000002,6.419878959360526
1.50093,6.419913528713134
1.50102,6.419937456613913
1.5011100000000002,6.419937976446736
1.5012,6.419947741830834
1.50129,6.419960054485106
1.5013800000000002,6.419962850633608
1.50147,6.4199767592609085
1.50156,6.419995463712881
1.5016500000000002,6.419997574485229
1.50174,6.420010235261083
1.50183,6.420017862808294
1.5019200000000001,6.420026499802935
1.50201,6.420041546860031
1.5021,6.420041629706706
1.5021900000000001,6.420070355527384
1.50228,6.420078112254385
1.5023700000000002,6.420067367051649
1.5024600000000001,6.420104884834986
1.50255,6.420087910275794
1.5026400000000002,6.42009746848601
1.5027300000000001,6.4201279693901085
1.50282,6.420104112447138
1.5029100000000002,6.420114742593527
1.5030000000000001,6.420147396093468
1.50309,6.4201559017372105
1.5031800000000002,6.420149354493684
1.50327,6.42017649365743
1.50336,6.420168259700596
1.5034500000000002,6.420184649289291
1.50354,6.420215392465999
1.50363,6.420182950995418
1.5037200000000002,6.420231206833291
1.50381,6.420229605087917
1.5039,6.420208329053452
1.5039900000000002,6.420271419431931
1.50408,6.420262540471166
1.50417,6.420266779589887
1.5042600000000002,6.42028390261839
1.50435,6.420280219802004
1.50444,6.420297712945477
1.5045300000000001,6.420301373403606
1.50462,6.420308050563454
1.50471,6.420326131735139
1.5048000000000001,6.4203338135033
1.50489,6.420340946202706
1.50498,6.420349345480919
1.5050700000000001,6.420351541901657
1.50516,6.420354712830629
1.5052500000000002,6.420382947452281
1.5053400000000001,6.42040480101565
1.50543,6.420407818361015
1.5055200000000002,6.420407854452896
1.5056100000000001,6.420419712153231
1.5057,6.420428320217062
1.5057900000000002,6.420434156250145
1.50588,6.420442272650398
1.50597,6.420452057793041
1.5060600000000002,6.420462526976233
1.50615,6.4204785239446895
1.50624,6.420493664041934
1.5063300000000002,6.420501473950401
1.50642,6.420511052353989
1.50651,6.420528597542688
1.5066000000000002,6.4205330778526735
1.50669,6.420525322506445
1.50678,6.4205331308726725
1.5068700000000002,6.420541964115907
1.50696,6.420561696452991
1.50705,6.420577057459386
1.5071400000000001,6.420573145173975
1.50723,6.420590261371684
1.50732,6.420599991087296
1.5074100000000001,6.420612136665889
1.5075,6.42063754007417
1.50759,6.42064024786179
1.5076800000000001,6.4206347061308975
1.50777,6.4206435532544885
1.5078600000000002,6.420671034567295
1.5079500000000001,6.420689035256775
1.50804,6.420657770861359
1.5081300000000002,6.420666461735987
1.5082200000000001,6.420709959019433
1.50831,6.420723529328447
1.5084000000000002,6.420740665120791
1.50849,6.420729741317947
1.50858,6.4207262270122
1.5086700000000002,6.420749300375853
1.50876,6.420746640699411
1.50885,6.420752114434921
1.5089400000000002,6.420772479280806
1.50903,6.420798504369936
1.50912,6.42081945225324
1.5092100000000002,6.4208154219059965
1.5093,6.420813603250305
1.50939,6.420820880032002
1.5094800000000002,6.420826233557578
1.50957,6.420838812113552
1.50966,6.420862498336774
1.5097500000000001,6.420867977996651
1.50984,6.420861801823598
1.50993,6.42088893005137
1.5100200000000001,6.420907127441982
1.51011,6.420905890457933
1.5102,6.4208992490014225
1.5102900000000001,6.420906386717875
1.51038,6.42094040666875
1.5104700000000002,6.42095950967922
1.5105600000000001,6.420959967549646
1.51065,6.420961405104817
1.5107400000000002,6.4209617025154015
1.5108300000000001,6.420980407894327
1.51092,6.421005979676797
1.5110100000000002,6.42101807544311
1.5111,6.421015745312383
1.51119,6.421012751330199
1.5112800000000002,6.42102517794103
1.51137,6.421044012453583
1.51146,6.4210507785178805
1.5115500000000002,6.421053478945692
1.51164,6.421061101258557
1.51173,6.421083137044567
1.5118200000000002,6.421102791243751
1.51191,6.421088486276851
1.512,6.421088173732564
1.5120900000000002,6.421107664978302
1.51218,6.421129344503164
1.51227,6.421149683885455
1.5123600000000001,6.4211732384007245
1.51245,6.421174518667424
1.51254,6.421168525119317
1.5126300000000001,6.421178435497955
1.51272,6.421175698985219
1.51281,6.421185768129902
1.5129000000000001,6.4211963896838915
1.51299,6.421208200766145
1.5130800000000002,6.421250890139198
1.5131700000000001,6.421256882213807
1.51326,6.421247084925731
1.5133500000000002,6.421260022915765
1.5134400000000001,6.421285555676542
1.51353,6.421291138795435
1.5136200000000002,6.421285531120792
1.51371,6.421287110429753
1.5138,6.421299281903703
1.5138900000000002,6.421313039529417
1.51398,6.421336293027948
1.51407,6.421358886023755
1.5141600000000002,6.421359863977039
1.51425,6.42133919563401
1.51434,6.421341472774673
1.5144300000000002,6.421375607161074
1.51452,6.42139909569004
1.51461,6.421387356337732
1.5147000000000002,6.421398357956523
1.51479,6.421403635718357
1.51488,6.421412332381501
1.5149700000000001,6.4214395956488355
1.51506,6.421448685501755
1.51515,6.421457059432833
1.5152400000000001,6.421460445042868
1.51533,6.421461857859042
1.51542,6.421479696056615
1.5155100000000001,6.421494511558446
1.5156,6.42150580089679
1.5156900000000002,6.4215243205466015
1.5157800000000001,6.421536813950882
1.51587,6.421509096837251
1.5159600000000002,6.421520766809988
1.5160500000000001,6.421550367905926
1.51614,6.421555807287524
1.5162300000000002,6.421577055358527
1.5163200000000001,6.4215866603711085
1.51641,6.421604967931918
1.5165000000000002,6.421619442038999
1.51659,6.421599745137844
1.51668,6.421623762395577
1.5167700000000002,6.42163905366582
1.51686,6.42163872701136
1.51695,6.421658648165044
1.5170400000000002,6.421665062544681
1.51713,6.42165268838612
1.51722,6.42166863312569
1.5173100000000002,6.421704422782397
1.5174,6.421693607088186
1.51749,6.4217166987564696
1.5175800000000002,6.421740677239003
1.51767,6.4217387108664505
1.51776,6.421740806441139
1.5178500000000001,6.421740464202294
1.51794,6.421758649580196
1.51803,6.421776950867709
1.5181200000000001,6.421780304417834
1.51821,6.421803744189316
1.5183000000000002,6.421807765682328
1.5183900000000001,6.421802586956467
1.51848,6.421815174927372
1.5185700000000002,6.421837772094751
1.5186600000000001,6.421853124311555
1.51875,6.421862099899339
1.5188400000000002,6.421869557642869
1.5189300000000001,6.42187541648764
1.51902,6.421879582498214
1.5191100000000002,6.421887675251477
1.5192,6.421900914324297
1.51929,6.421914125330551
1.5193800000000002,6.421926050676112
1.51947,6.421952239514392
1.51956,6.421943772856072
1.5196500000000002,6.421917509122113
1.51974,6.421954437678384
1.51983,6.42199242090015
1.5199200000000002,6.421993374732398
1.52001,6.421984389442546
1.5201,6.422003859451223
1.5201900000000002,6.422027901397062
1.52028,6.42201241150585
1.52037,6.422015690634717
1.5204600000000001,6.4220611229867846
1.52055,6.422061122315108
1.52064,6.422064147053974
1.5207300000000001,6.422079908270628
1.52082,6.422096880169712
1.5209100000000002,6.422111616578359
1.5210000000000001,6.422107882133588
1.52109,6.422099451756001
1.5211800000000002,6.422105467452727
1.5212700000000001,6.422126237468822
1.52136,6.42214207969309
1.5214500000000002,6.422149557080991
1.5215400000000001,6.422158719939623
1.52163,6.422172569049955
1.5217200000000002,6.422182342196798
1.52181,6.422192591895896
1.5219,6.422199212288994
1.5219900000000002,6.422202787376958
1.52208,6.422216783325213
1.52217,6.422248423680797
1.5222600000000002,6.422246664560941
1.52235,6.422245970637004
1.52244,6.422279943060643
1.5225300000000002,6.422276687223379
1.52262,6.422277420404378
1.52271,6.422293860608268
1.5228000000000002,6.422314149346665
1.52289,6.422329597440982
1.52298,6.42231226847855
1.5230700000000001,6.422317464619016
1.52316,6.42235253795425
1.52325,6.42236513211818
1.5233400000000001,6.42235732463492
1.52343,6.422367756689941
1.52352,6.422383404303309
1.5236100000000001,6.422389842769586
1.5237,6.422417232925644
1.5237900000000002,6.422423172131285
1.5238800000000001,6.422420843115554
1.52397,6.422433356462973
1.5240600000000002,6.422449997711416
1.5241500000000001,6.422463079820476
1.52424,6.422456452482196
1.5243300000000002,6.422465674305917
1.52442,6.422505942679129
1.52451,6.422495097294107
1.5246000000000002,6.422506462522601
1.52469,6.422522019404897
1.52478,6.422513090172475
1.5248700000000002,6.422537249273252
1.52496,6.422549353035298
1.52505,6.42257028011235
1.5251400000000002,6.422600053548924
1.52523,6.422594700700097
1.52532,6.42257774597591
1.5254100000000002,6.422582637716006
1.5255,6.422602433218327
1.52559,6.422616517471767
1.5256800000000001,6.422633443502935
1.52577,6.422643167182872
1.52586,6.42265263685581
1.5259500000000001,6.422661057194038
1.52604,6.422656524057881
1.52613,6.4226737399690474
1.5262200000000001,6.422687768868271
1.52631,6.422701094331427
1.5264000000000002,6.422730938092862
1.5264900000000001,6.422717921262538
1.52658,6.422727388142019
1.5266700000000002,6.422741194775229
1.5267600000000001,6.4227288382892676
1.52685,6.422765031729515
1.5269400000000002,6.422775271267785
1.52703,6.422782831027522
1.52712,6.422807578145264
1.5272100000000002,6.422799892835708
1.5273,6.422803659328824
1.52739,6.422825682489258
1.5274800000000002,6.422839644991711
1.52757,6.422840420570426
1.52766,6.422865699584387
1.5277500000000002,6.4228646565016
1.52784,6.422846296273597
1.52793,6.422861995651516
1.5280200000000002,6.422907960438483
1.52811,6.422919316650252
1.5282,6.42291387297772
1.5282900000000001,6.422925886846465
1.52838,6.422943809848311
1.52847,6.422950621217655
1.5285600000000001,6.4229524979283035
1.52865,6.42296262349588
1.52874,6.422978272808672
1.5288300000000001,6.422980871636684
1.52892,6.422994741070885
1.5290100000000002,6.423010333560093
1.5291000000000001,6.423013791246144
1.52919,6.423024366210089
1.5292800000000002,6.423039911580799
1.5293700000000001,6.423058414006092
1.52946,6.423067694273118
1.5295500000000002,6.423064665898554
1.52964,6.423088719426048
1.52973,6.4231072797696385
1.5298200000000002,6.423097476872173
1.52991,6.423091652121597
1.53,6.42312970173616
1.5300900000000002,6.4231280868818414
1.53018,6.423135713531369
1.53027,6.423169367661972
1.5303600000000002,6.423140708328541
1.53045,6.423166438328042
1.53054,6.423195958475747
1.5306300000000002,6.423190831723958
1.53072,6.423195882988884
1.53081,6.423199847936311
1.5309000000000001,6.423216962240546
1.53099,6.423230928255605
1.53108,6.4232312024315785
1.5311700000000001,6.4232549960864755
1.53126,6.423283032422781
1.53135,6.4232892866869005
1.5314400000000001,6.4232803067912085
1.53153,6.423285448982361
1.5316200000000002,6.423301429388787
1.5317100000000001,6.423317494180302
1.5318,6.4233219145887395
1.5318900000000002,6.423319199529573
1.5319800000000001,6.423337991706475
1.53207,6.423360563254594
1.5321600000000002,6.423362183400444
1.5322500000000001,6.423363577549326
1.53234,6.4234046684224895
1.5324300000000002,6.4233990434318455
1.53252,6.423396773739003
1.53261,6.423425226272878
1.5327000000000002,6.423420187397287
1.53279,6.423414568931232
1.53288,6.42343516049672
1.5329700000000002,6.4234657905288985
1.53306,6.423479019206193
1.53315,6.423483008924267
1.5332400000000002,6.423487989528486
1.53333,6.4234920461516065
1.53342,6.423496693023382
1.5335100000000002,6.423514698778408
1.5336,6.423540948817751
1.53369,6.423547911421695
1.5337800000000001,6.42354747840428
1.53387,6.423566918497063
1.53396,6.423562591875365
1.5340500000000001,6.423580815602821
1.53414,6.423607096925438
1.5342300000000002,6.423609219165232
1.5343200000000001,6.423635783629961
1.53441,6.423631280520765
1.5345000000000002,6.4236248746123685
1.5345900000000001,6.423640888955413
1.53468,6.423637286121996
1.5347700000000002,6.423660276828835
1.5348600000000001,6.4236811020332265
1.53495,6.42368559147614
1.5350400000000002,6.423699717293611
1.53513,6.423711757552383
1.53522,6.423714481034789
1.5353100000000002,6.423722515558099
1.5354,6.423744908856874
1.53549,6.423759680851577
1.5355800000000002,6.423753684672462
1.53567,6.423761311563424
1.53576,6.423782489600988
1.5358500000000002,6.423779297998978
1.53594,6.423799437843225
1.53603,6.423805735451345
1.5361200000000002,6.423803038871242
1.53621,6.423827158841194
1.5363,6.423833499091174
1.5363900000000001,6.423852819827416
1.53648,6.423884574460377
1.53657,6.42389318558514
1.5366600000000001,6.423872107423547
1.53675,6.423876465735876
1.5368400000000002,6.423894667752597
1.5369300000000001,6.423913084507557
1.53702,6.423940988065385
1.5371100000000002,6.423941044302565
1.5372000000000001,6.423939896462904
1.53729,6.423956041821139
1.5373800000000002,6.423976774739405
1.5374700000000001,6.423991014224257
1.53756,6.423994354238088
1.5376500000000002,6.424001411452347
1.53774,6.424003471088849
1.53783,6.423981890308197
1.5379200000000002,6.424021006553551
1.53801,6.424055684032658
1.5381,6.424054627126634
1.5381900000000002,6.424073667090742
1.53828,6.42408495211392
1.53837,6.424089945149919
1.5384600000000002,6.424089172197585
1.53855,6.424092421066912
1.53864,6.424124761721201
1.5387300000000002,6.424125547236573
1.53882,6.424132292110604
1.53891,6.424162955489704
1.5390000000000001,6.424157022243961
1.53909,6.424169687878008
1.53918,6.424175139722342
1.5392700000000001,6.424173769710448
1.53936,6.42420027632736
1.5394500000000002,6.42421508426232
1.5395400000000001,6.424222510022829
1.53963,6.424240362335642
1.5397200000000002,6.424254270820643
1.5398100000000001,6.424233931433159
1.5399,6.424248666742629
1.5399900000000002,6.424270495962482
1.5400800000000001,6.424272614018125
1.54017,6.424290860461476
1.5402600000000002,6.424305707037282
1.54035,6.424313491393827
1.54044,6.424323301447615
1.5405300000000002,6.42433864372992
1.54062,6.424348587433166
1.54071,6.424344115891076
1.5408000000000002,6.424352047576156
1.54089,6.424380112249566
1.54098,6.4243864885777535
1.5410700000000002,6.424380852680588
1.54116,6.42439445003729
1.54125,6.424432679016774
1.5413400000000002,6.424460368404722
1.54143,6.424443292542215
1.54152,6.424440565192004
1.5416100000000001,6.42445844385464
1.5417,6.424465631577101
1.54179,6.424487213134675
1.5418800000000001,6.424491773015882
1.54197,6.424494831744877
1.54206,6.424513334146926
1.5421500000000001,6.42452267886466
1.54224,6.424540677636159
1.5423300000000002,6.42454996724701
1.5424200000000001,6.424540739563463
1.54251,6.424543005932396
1.5426000000000002,6.424588891080543
1.5426900000000001,6.42461382872696
1.54278,6.424600400301079
1.5428700000000002,6.424594281306263
1.54296,6.424620618933576
1.54305,6.424646263076492
1.5431400000000002,6.424653179277181
1.54323,6.424652153274037
1.54332,6.424660252077801
1.5434100000000002,6.4246734643133285
1.5435,6.424691682490396
1.54359,6.424700587454483
1.5436800000000002,6.424692847701027
1.54377,6.424703837883708
1.54386,6.424721431366691
1.5439500000000002,6.4247377895602344
1.54404,6.424751018053217
1.54413,6.42475387442601
1.5442200000000001,6.42477485510942
1.54431,6.424796543186343
1.5444,6.424801575861856
1.5444900000000001,6.424806359719528
1.54458,6.42481574878068
1.54467,6.424813998739662
1.5447600000000001,6.424819598494891
1.54485,6.4248493166745275
1.5449400000000002,6.424856829068712
1.5450300000000001,6.4248663475705605
1.54512,6.42487541786704
1.5452100000000002,6.424879174522617
1.5453000000000001,6.424901950126112
1.54539,6.424908330247021
1.5454800000000002,6.424918242334694
1.54557,6.424942130509071
1.54566,6.424948927915973
1.5457500000000002,6.424938922503572
1.54584,6.424948823288202
1.54593,6.424979034075549
1.5460200000000002,6.424998692603013
1.54611,6.425000988121536
1.5462,6.425000764788741
1.5462900000000002,6.425012011655466
1.54638,6.425033207095645
1.54647,6.425046569565521
1.5465600000000002,6.4250394421637536
1.54665,6.42504675944083
1.54674,6.4250686882689605
1.5468300000000001,6.425072371293708
1.54692,6.425083267852792
1.54701,6.425104435770211
1.5471000000000001,6.425115640103293
1.54719,6.425119333995348
1.54728,6.4251496533966534
1.5473700000000001,6.425155595673882
1.54746,6.425153803139882
1.5475500000000002,6.425171163916892
1.5476400000000001,6.42518164258211
1.54773,6.4251775002688785
1.5478200000000002,6.425201333237607
1.5479100000000001,6.425227715606789
1.548,6.425216052702442
1.5480900000000002,6.4252456839512275
1.5481800000000001,6.425250745517752
1.54827,6.425243756036651
1.5483600000000002,6.425260843061766
1.54845,6.425255290388452
1.54854,6.4252879177714535
1.5486300000000002,6.425306536238286
1.54872,6.425295288143904
1.54881,6.425325095072069
1.5489000000000002,6.425341545346065
1.54899,6.425348546769268
1.54908,6.425348753429686
1.5491700000000002,6.425342424019527
1.54926,6.425371269272087
1.54935,6.4254029124191945
1.5494400000000002,6.425406875040557
1.54953,6.4254017399923296
1.54962,6.42542591822051
1.5497100000000001,6.4254373245821625
1.5498,6.425442617257741
1.54989,6.425453888133263
1.5499800000000001,6.425459276647245
1.55007,6.425466799233086
1.5501600000000002,6.42548316351577
1.5502500000000001,6.425499238839813
1.55034,6.425508824289288
1.5504300000000002,6.425524006705659
1.5505200000000001,6.425525322332853
1.55061,6.425534335967726
1.5507000000000002,6.425556024197272
1.5507900000000001,6.425555409296937
1.55088,6.425569636347386
1.5509700000000002,6.4255834880846265
1.55106,6.425592142943907
1.55115,6.425608583376528
1.5512400000000002,6.425601469370344
1.55133,6.425611424896145
1.55142,6.42564421928892
1.5515100000000002,6.425664808280908
1.5516,6.425658324937478
1.55169,6.425637867742523
1.5517800000000002,6.425648212089998
1.55187,6.425696548086257
1.55196,6.425727692277547
1.5520500000000002,6.425712098072687
1.55214,6.4257160696470175
1.55223,6.42574902953991
1.5523200000000001,6.425755463377228
1.55241,6.4257464095819
1.5525,6.425763156080168
1.5525900000000001,6.4257898354702485
1.55268,6.425797761724179
1.5527700000000002,6.425806721008357
1.5528600000000001,6.425817103390171
1.55295,6.42580903235489
1.5530400000000002,6.425811720075252
1.5531300000000001,6.425862480834034
1.55322,6.4258654732295755
1.5533100000000002,6.425861585244397
1.5534000000000001,6.425886766654764
1.55349,6.425903655295057
1.5535800000000002,6.425879699387263
1.55367,6.425890019573073
1.55376,6.42592808290436
1.5538500000000002,6.425942019660105
1.55394,6.425934130084301
1.55403,6.425934463713547
1.5541200000000002,6.425967969076585
1.55421,6.42600308063363
1.5543,6.425996427790139
1.5543900000000002,6.426000182704082
1.55448,6.4260031870918235
1.55457,6.426008979460234
1.5546600000000002,6.426028266883496
1.55475,6.426035076398418
1.55484,6.426064924035414
1.5549300000000001,6.426092550655186
1.55502,6.426085475876486
1.55511,6.426073058020488
1.5552000000000001,6.426089759206389
1.55529,6.426103615769078
1.5553800000000002,6.426111741197194
1.5554700000000001,6.426139751605317
1.55556,6.426149030396721
1.5556500000000002,6.4261525710809035
1.5557400000000001,6.426166956365028
1.55583,6.426180506793079
1.5559200000000002,6.426173008489034
1.5560100000000001,6.426181224694088
1.5561,6.426210185547441
1.5561900000000002,6.4262316147499
1.55628,6.426229566284133
1.55637,6.426238123216815
1.5564600000000002,6.42625110199409
1.55655,6.426260085938399
1.55664,6.426270854729787
1.5567300000000002,6.4262802329779785
1.55682,6.426283684017758
1.55691,6.426293137371102
1.5570000000000002,6.4263119725315585
1.55709,6.426320548340485
1.55718,6.426329357351038
1.5572700000000002,6.426347390276213
1.55736,6.426366310635732
1.55745,6.426374015948073
1.5575400000000001,6.426384406472109
1.55763,6.426399668355446
1.55772,6.426408812394599
1.5578100000000001,6.426407350502676
1.5579,6.426413831239877
1.5579900000000002,6.42644097264979
1.5580800000000001,6.426464903730555
1.55817,6.426468383059515
1.5582600000000002,6.426474033925624
1.5583500000000001,6.426492073069304
1.55844,6.426498579026747
1.5585300000000002,6.426494475902062
1.5586200000000001,6.426508958076127
1.55871,6.426529854589147
1.5588000000000002,6.4265237524299454
1.55889,6.426530022497989
1.55898,6.426574520273949
1.5590700000000002,6.426575255495088
1.55916,6.426575599539973
1.55925,6.42658281482684
1.5593400000000002,6.426590373890519
1.55943,6.426612043400632
1.55952,6.426605633647472
1.5596100000000002,6.42662869741368
1.5597,6.426660973162591
1.55979,6.426638671779173
1.5598800000000002,6.426666791720412
1.55997,6.426690440292146
1.56006,6.426696319284247
1.5601500000000001,6.426710793954948
1.56024,6.426707445206213
1.56033,6.426720631790612
1.5604200000000001,6.426725887406231
1.56051,6.4267344774720065
1.5606000000000002,6.4267926937975615
1.5606900000000001,6.426788689432855
1.56078,6.426761484300594
1.5608700000000002,6.4267726425792295
1.5609600000000001,6.426799125093574
1.56105,6.426784867104616
1.5611400000000002,6.426816976734586
1.5612300000000001,6.426851193791864
1.56132,6.426837877855283
1.5614100000000002,6.426866878955375
1.5615,6.426868478097677
1.56159,6.426862729815832
1.5616800000000002,6.426885172027154
1.56177,6.426907968515804
1.56186,6.426908784035851
1.5619500000000002,6.426910638869817
1.56204,6.426929124544098
1.56213,6.426950199092897
1.5622200000000002,6.426955270132792
1.56231,6.426966852195185
1.5624,6.426981692700089
1.5624900000000002,6.4269885509264455
1.56258,6.426999094238475
1.56267,6.427016424496536
1.5627600000000001,6.427019746113227
1.56285,6.427024343050229
1.56294,6.427054224568806
1.5630300000000001,6.427051456811206
1.56312,6.427062410406732
1.56321,6.427089522274352
1.5633000000000001,6.427096654259199
1.56339,6.427101937422638
1.5634800000000002,6.4271004322747505
1.5635700000000001,6.4271015335863675
1.56366,6.427127147186436
1.5637500000000002,6.4271720383604025
1.5638400000000001,6.42716905027451
1.56393,6.4271516474959105
1.5640200000000002,6.427159985261839
1.5641100000000001,6.427185286111339
1.5642,6.427211277318982
1.5642900000000002,6.427215056208962
1.56438,6.427212075997717
1.56447,6.427232462702015
1.5645600000000002,6.427265974747483
1.56465,6.4272601850422815
1.56474,6.427255832846446
1.5648300000000002,6.427277843919922
1.56492,6.42728393260397
1.56501,6.427295318251113
1.5651000000000002,6.42730088922835
1.56519,6.427312716747377
1.56528,6.427348460443155
1.5653700000000002,6.427365980472547
1.56546,6.427367057911264
1.56555,6.427374888579554
1.5656400000000001,6.42738817768125
1.56573,6.42738112069169
1.56582,6.427388436752986
1.5659100000000001,6.427415501673257
1.566,6.427432408290413
1.5660900000000002,6.4274250671227104
1.5661800000000001,6.4274423263372755
1.56627,6.427461547900178
1.5663600000000002,6.427464413009245
1.5664500000000001,6.42747498191049
1.56654,6.427512664631601
1.5666300000000002,6.427503335941825
1.5667200000000001,6.4275020171814505
1.56681,6.427542587835617
1.5669000000000002,6.42753263610802
1.56699,6.427533104941457
1.56708,6.427550982532666
1.5671700000000002,6.427572985057098
1.56726,6.427594062561377
1.56735,6.4275834393275
1.5674400000000002,6.427589405176504
1.56753,6.4276259657197645
1.56762,6.427651364942719
1.5677100000000002,6.427639095807704
1.5678,6.42764000149244
1.56789,6.427655461383909
1.5679800000000002,6.427665265073976
1.56807,6.427678925795354
1.56816,6.427704256699611
1.5682500000000001,6.427706570682462
1.56834,6.427699358337503
1.56843,6.427727441365038
1.5685200000000001,6.427755911718506
1.56861,6.427751440671136
1.5687000000000002,6.427758832537388
1.5687900000000001,6.427798386828785
1.56888,6.427790787912089
1.5689700000000002,6.427775608974331
1.5690600000000001,6.427798856056436
1.56915,6.427834229434791
1.5692400000000002,6.427827719463963
1.5693300000000001,6.427835707097807
1.56942,6.427860364805533
1.5695100000000002,6.427879570362809
1.5696,6.427882110906468
1.56969,6.427872476932278
1.5697800000000002,6.427887988999607
1.56987,6.427910581431779
1.56996,6.427913848751085
1.5700500000000002,6.427922478345245
1.57014,6.427938157105267
1.57023,6.4279559670918935
1.5703200000000002,6.427966376208142
1.57041,6.427968724322432
1.5705,6.427990073099121
1.5705900000000002,6.428011735776737
1.57068,6.428021848059772
1.57077,6.428024079057387
1.5708600000000001,6.428015750628543
1.57095,6.428028355153536
1.57104,6.428060175323479
1.5711300000000001,6.428079603558389
1.57122,6.428071974538217
1.5713100000000002,6.428077624230048
1.5714000000000001,6.428101088906369
1.57149,6.428124783495197
1.5715800000000002,6.428135103093744
1.5716700000000001,6.42813027306885
1.57176,6.428138469152374
1.5718500000000002,6.428164851271526
1.5719400000000001,6.428184675184831
1.57203,6.42818285183922
1.5721200000000002,6.428197232773743
1.57221,6.4282055724536855
1.5723,6.4281989179159265
1.5723900000000002,6.428221818061475
1.57248,6.428247118101656
1.57257,6.428261989338239
1.5726600000000002,6.428267866216546
1.57275,6.428271793587271
1.57284,6.428286833951175
1.5729300000000002,6.428302861223881
1.57302,6.428308386817119
1.57311,6.428302833466125
1.5732000000000002,6.428301450133393
1.57329,6.428336655095043
1.57338,6.428369322588374
1.5734700000000001,6.428372731443715
1.57356,6.428381208337008
1.57365,6.428402825351663
1.5737400000000001,6.428408922043415
1.57383,6.428411621083199
1.5739200000000002,6.428431181460234
1.5740100000000001,6.428422455249872
1.5741,6.428429115828927
1.5741900000000002,6.428457071044349
1.5742800000000001,6.428474127083229
1.57437,6.428474329437597
1.5744600000000002,6.428486751577213
1.5745500000000001,6.428499378956307
1.57464,6.42851247787725
1.5747300000000002,6.428540242434437
1.57482,6.428538079073624
1.57491,6.428545876672822
1.5750000000000002,6.428566862821285
1.57509,6.428572086576159
1.57518,6.428584177453028
1.5752700000000002,6.428596358982658
1.57536,6.428604584292506
1.57545,6.428613737151477
1.5755400000000002,6.4286258741006685
1.57563,6.428634688249123
1.57572,6.4286553688627475
1.5758100000000002,6.428679211404173
1.5759,6.428682892866853
1.57599,6.428689628430139
1.5760800000000001,6.428691385349729
1.57617,6.428704064153709
1.57626,6.42873325359595
1.5763500000000001,6.428732206635981
1.57644,6.428726679387008
1.5765300000000002,6.428744047397487
1.5766200000000001,6.428773069971035
1.57671,6.428786048705
1.5768000000000002,6.428803863224319
1.5768900000000001,6.428800618429057
1.57698,6.428802461936798
1.5770700000000002,6.42884185154192
1.5771600000000001,6.428830501142995
1.57725,6.428847076892214
1.5773400000000002,6.428881362998087
1.57743,6.4288760423921545
1.57752,6.428875217299044
1.5776100000000002,6.428892483824637
1.5777,6.428904741344254
1.57779,6.428910991303145
1.5778800000000002,6.428934410231401
1.57797,6.428946916252505
1.57806,6.428963603392186
1.5781500000000002,6.428977501346235
1.57824,6.428974047329603
1.57833,6.428990176145893
1.5784200000000002,6.428995690432995
1.57851,6.429003871327385
1.5786,6.429030186209778
1.5786900000000001,6.42904050542505
1.57878,6.429053204871951
1.57887,6.429062082880595
1.5789600000000001,6.429075749816399
1.57905,6.429104577908166
1.5791400000000002,6.429088667483039
1.5792300000000001,6.429091326844042
1.57932,6.429120511624494
1.5794100000000002,6.429131815876051
1.5795000000000001,6.4291465596245905
1.57959,6.429154458338656
1.5796800000000002,6.429162952554648
1.5797700000000001,6.429176746821142
1.57986,6.429183598758646
1.5799500000000002,6.4292054908753755
1.5800400000000001,6.429218560054062
1.58013,6.429219372997515
1.5802200000000002,6.429233241243443
1.58031,6.429244316206696
1.5804,6.429263145389697
1.5804900000000002,6.429283179125066
1.58058,6.42928573280723
1.58067,6.429280636350433
1.5807600000000002,6.429308504557956
1.58085,6.42932732047445
1.58094,6.429314166185347
1.5810300000000002,6.429323720671742
1.58112,6.429355445037072
1.58121,6.429373451095173
1.5813000000000001,6.4293749509025755
1.58139,6.429383496349417
1.58148,6.4293926452939285
1.5815700000000001,6.429421071129333
1.58166,6.429436294056139
1.58175,6.429422688871349
1.5818400000000001,6.429439188180858
1.58193,6.429456032804404
1.5820200000000002,6.429461611436125
1.5821100000000001,6.429478792444964
1.5822,6.429513004876968
1.5822900000000002,6.429505086582743
1.5823800000000001,6.429512223865002
1.58247,6.429533072451573
1.5825600000000002,6.429524045920574
1.5826500000000001,6.429541859157411
1.58274,6.429559458116006
1.5828300000000002,6.429571108053391
1.58292,6.4295836306178
1.58301,6.429587461826749
1.5831000000000002,6.429620119331023
1.58319,6.429629217194465
1.58328,6.429615220681847
1.5833700000000002,6.429644733483178
1.58346,6.429663689967525
1.58355,6.4296674607175275
1.5836400000000002,6.429668627554578
1.58373,6.429677083919769
1.58382,6.429701818006465
1.5839100000000002,6.429709198437589
1.584,6.429710129879974
1.58409,6.4297242656193365
1.5841800000000001,6.429742657175858
1.58427,6.429777415409494
1.58436,6.429778861850152
1.5844500000000001,6.429767846018915
1.58454,6.42980083442826
1.5846300000000002,6.429798455903821
1.5847200000000001,6.429826124734057
1.58481,6.429853036904845
1.5849000000000002,6.429827092638907
1.5849900000000001,6.429842523893452
1.58508,6.429877108756803
1.5851700000000002,6.429888496540331
1.5852600000000001,6.429874882653219
1.58535,6.429874280568574
1.5854400000000002,6.429910418316021
1.58553,6.429937183723718
1.58562,6.429939074501065
1.5857100000000002,6.429945065950409
1.5858,6.429953988544048
1.58589,6.429974289354079
1.5859800000000002,6.429981218542097
1.58607,6.429975412236118
1.58616,6.4300132922534745
1.5862500000000002,6.430045552637113
1.58634,6.430032645044871
1.58643,6.430015618039685
1.5865200000000002,6.430052264515906
1.58661,6.430067754769494
1.5867,6.430078877107588
1.5867900000000001,6.430091562740968
1.58688,6.430091951645704
1.58697,6.430116555170789
1.5870600000000001,6.430135216851677
1.58715,6.430128038386245
1.5872400000000002,6.430124892714237
1.5873300000000001,6.430161664157839
1.58742,6.430171929191948
1.5875100000000002,6.430189819368037
1.5876000000000001,6.4302092184122035
1.58769,6.430181123974744
1.5877800000000002,6.430207300912331
1.5878700000000001,6.430227343665118
1.58796,6.430230410691597
1.5880500000000002,6.43026191196722
1.58814,6.430287167971819
1.58823,6.430294140759527
1.5883200000000002,6.430287548334406
1.58841,6.4302895785830865
1.5885,6.430317548803802
1.5885900000000002,6.430327734751879
1.58868,6.430327331686959
1.58877,6.43034139510214
1.5888600000000002,6.430368154710254
1.58895,6.430380010351678
1.58904,6.430378333636359
1.5891300000000002,6.430379950959312
1.58922,6.430398249087127
1.58931,6.430429759627971
1.5894000000000001,6.4304499777905795
1.58949,6.430451381310921
1.58958,6.4304433204729285
1.5896700000000001,6.430447893014099
1.58976,6.430494544843163
1.5898500000000002,6.430510753182702
1.5899400000000001,6.430489114809335
1.59003,6.430494670251391
1.5901200000000002,6.430519057255074
1.5902100000000001,6.430547035865632
1.5903,6.430563973023115
1.5903900000000002,6.430565537207547
1.5904800000000001,6.430565317288925
1.59057,6.430579310327225
1.5906600000000002,6.430601455662899
1.59075,6.4306180286892705
1.59084,6.43062296930802
1.5909300000000002,6.430618824460456
1.59102,6.430624802702704
1.59111,6.4306458345481134
1.5912000000000002,6.430673112880821
1.59129,6.430700745148083
1.59138,6.430699366982779
1.5914700000000002,6.430689915252931
1.59156,6.4307096671991575
1.59165,6.430746964037663
1.5917400000000002,6.430747885011951
1.59183,6.430740803239426
1.59192,6.430753388250232
1.5920100000000001,6.43076660381434
1.5921,6.4307765499464224
1.59219,6.430792492750119
1.5922800000000001,6.43081713993265
1.59237,6.430839297681548
1.5924600000000002,6.430844062128864
1.5925500000000001,6.430840503198088
1.59264,6.43085128448179
1.5927300000000002,6.43086703835421
1.5928200000000001,6.430863295074445
1.59291,6.430902420151052
1.5930000000000002,6.430918992410118
1.5930900000000001,6.4309070632867105
1.59318,6.430935334515509
1.5932700000000002,6.4309526815686535
1.59336,6.430955390460861
1.59345,6.430959624239236
1.5935400000000002,6.430971951716551
1.59363,6.430988324017189
1.59372,6.43100908380074
1.5938100000000002,6.431018892658634
1.5939,6.431012106683484
1.59399,6.431010870674061
1.5940800000000002,6.4310373245220465
1.59417,6.43106101003699
1.59426,6.431072860959587
1.5943500000000002,6.431091784676143
1.59444,6.431107555630712
1.59453,6.431117499656494
1.5946200000000001,6.431123095663537
1.59471,6.4311311820482535
1.5948,6.431150166511947
1.5948900000000001,6.431167168973575
1.59498,6.431178414116081
1.5950700000000002,6.431180232129781
1.5951600000000001,6.431177804062071
1.59525,6.431207520423596
1.5953400000000002,6.431213207026219
1.5954300000000001,6.431213985618019
1.59552,6.431255836044256
1.5956100000000002,6.431261136009475
1.5957000000000001,6.431254900082272
1.59579,6.431266567556941
1.5958800000000002,6.431286218052953
1.59597,6.431292517483191
1.59606,6.431310217019385
1.5961500000000002,6.431319901181485
1.59624,6.431321006915154
1.59633,6.431347936359141
1.5964200000000002,6.431387075017108
1.59651,6.4313764452813285
1.5966,6.431361439171987
1.5966900000000002,6.431398945891538
1.59678,6.431410073895966
1.59687,6.4314300159427455
1.5969600000000002,6.4314439617934624
1.59705,6.431435016744659
1.59714,6.431442354286
1.5972300000000001,6.431458466180875
1.59732,6.431483085095741
1.59741,6.431507829289853
1.5975000000000001,6.4315123898927915
1.59759,6.431497287346956
1.5976800000000002,6.431509279312485
1.5977700000000001,6.431541002748536
1.59786,6.431558089083401
1.5979500000000002,6.4315694583648435
1.5980400000000001,6.431573837108409
1.59813,6.431585304082795
1.5982200000000002,6.431602522536447
1.5983100000000001,6.4316082101470045
1.5984,6.43162745851537
1.5984900000000002,6.431627888539417
1.5985800000000001,6.431630335185566
1.59867,6.431670897747667
1.5987600000000002,6.43167472577763
1.59885,6.431677887400921
1.59894,6.431698833014968
1.5990300000000002,6.4317172673566905
1.59912,6.43172314479148
1.59921,6.431722210864318
1.5993000000000002,6.4317355789299455
1.59939,6.4317651071845034
1.59948,6.43178127611453
1.5995700000000002,6.431766125661839
1.59966,6.431783938867413
1.59975,6.431814347680149
1.5998400000000002,6.4318078046205285
1.59993,6.431835140692857
1.60002,6.431841340081264
1.6001100000000001,6.431837529082259
1.6002,6.431859665166771
1.60029,6.431880024457784
1.6003800000000001,6.431897546557155
1.60047,6.431910934990043
1.6005600000000002,6.431912197041791
1.6006500000000001,6.431907841842042
1.60074,6.431934307397801
1.6008300000000002,6.431953210305386
1.6009200000000001,6.43195353701154
1.60101,6.431964624496324
1.6011000000000002,6.431990330375768
1.6011900000000001,6.431993008585724
1.60128,6.432006961567594
1.6013700000000002,6.432043068337542
1.60146,6.432043487273607
1.60155,6.432045868081458
1.6016400000000002,6.4320474823804386
1.60173,6.432057056208957
1.60182,6.432093473101271
1.6019100000000002,6.432113588090837
1.602,6.4321129840426385
1.60209,6.432107892806161
1.6021800000000002,6.4321174483525105
1.60227,6.432147238004959
1.60236,6.432156944652606
1.6024500000000002,6.432161696669063
1.60254,6.432176979496644
1.60263,6.432183460146181
1.6027200000000001,6.432200104575325
1.60281,6.432219788865179
1.6029,6.432236372930235
1.6029900000000001,6.432247166665897
1.60308,6.432239182298212
1.6031700000000002,6.432264013968315
1.6032600000000001,6.432291853218578
1.60335,6.432284371565631
1.6034400000000002,6.43229265796031
1.6035300000000001,6.432317855555251
1.60362,6.432342133023514
1.6037100000000002,6.432354222991229
1.6038000000000001,6.432352065885171
1.60389,6.43233705458733
1.6039800000000002,6.432361110549313
1.60407,6.432402160266211
1.60416,6.432403222660758
1.6042500000000002,6.432398617018185
1.60434,6.43241309718967
1.60443,6.43242853721758
1.6045200000000002,6.432435523918615
1.60461,6.432457984174791
1.6047,6.4324744099377575
1.6047900000000002,6.432484654842901
1.60488,6.432496335829653
1.60497,6.432507595074204
1.6050600000000002,6.432517347480707
1.60515,6.43253400914204
1.60524,6.432556541504914
1.6053300000000001,6.432570383385218
1.60542,6.4325668569990535
1.60551,6.432577994783252
1.6056000000000001,6.432590325601501
1.60569,6.4325982681611205
1.6057800000000002,6.4326281048833405
1.6058700000000001,6.432636311464137
1.60596,6.4326409807658465
1.6060500000000002,6.432661435681301
1.6061400000000001,6.432677482628519
1.60623,6.432669920765415
1.6063200000000002,6.432678199747391
1.6064100000000001,6.432700773296888
1.6065,6.432712104099678
1.6065900000000002,6.432724130112534
1.60668,6.432747494087113
1.60677,6.432767653718461
1.6068600000000002,6.432769268133645
1.60695,6.432763566022991
1.60704,6.432781741947826
1.6071300000000002,6.432797051097211
1.60722,6.432801843303566
1.60731,6.432819717967161
1.6074000000000002,6.4328478745870665
1.60749,6.4328687090214975
1.60758,6.4328610497872205
1.6076700000000002,6.432848150013862
1.60776,6.432883594706434
1.60785,6.432901375300546
1.6079400000000001,6.432919423137548
1.60803,6.43294468103514
1.60812,6.4329386965936255
1.6082100000000001,6.43294536009952
1.6083,6.432949123458205
1.6083900000000002,6.432958925601097
1.6084800000000001,6.432994651704847
1.60857,6.433014796827182
1.6086600000000002,6.433009292843371
1.6087500000000001,6.433008206007895
1.60884,6.433023388778696
1.6089300000000002,6.433029247884668
1.6090200000000001,6.433046968866275
1.60911,6.433072418136003
1.6092000000000002,6.433091244239655
1.60929,6.433097843008334
1.60938,6.433093958104931
1.6094700000000002,6.433113566224677
1.60956,6.433143510550806
1.60965,6.433148028711301
1.6097400000000002,6.433142412721004
1.60983,6.433162815407056
1.60992,6.433187184721055
1.6100100000000002,6.433195206919612
1.6101,6.433209363168249
1.61019,6.433222447630048
1.6102800000000002,6.433233271365263
1.61037,6.433246602840528
1.61046,6.433260626018904
1.6105500000000001,6.433264165640953
1.61064,6.433273255388761
1.61073,6.433284497303666
1.6108200000000001,6.4332915420939365
1.61091,6.433311269802291
1.6110000000000002,6.433331413145273
1.6110900000000001,6.433346514907264
1.61118,6.433354189951992
1.6112700000000002,6.433357929484975
1.6113600000000001,6.433384453694927
1.61145,6.433395751070113
1.6115400000000002,6.433393665224238
1.6116300000000001,6.433412886124893
1.61172,6.43342795139498
1.6118100000000002,6.433430609556262
1.6119,6.4334525346657
1.61199,6.4334854404629835
1.6120800000000002,6.433469093437954
1.61217,6.433478856637694
1.61226,6.43349554062427
1.6123500000000002,6.433499697799303
1.61244,6.433519850682578
1.61253,6.433523167870266
1.6126200000000002,6.433541367452374
1.61271,6.433562303046627
1.6128,6.433563701917508
1.6128900000000002,6.433597072961508
1.61298,6.433597058407107
1.61307,6.433597510764773
1.6131600000000001,6.433635858086711
1.61325,6.433649148278279
1.61334,6.433645420313924
1.6134300000000001,6.433647900945883
1.61352,6.4336682320291745
1.6136100000000002,6.433691998711519
1.6137000000000001,6.4336852234005875
1.61379,6.433690933151381
1.6138800000000002,6.43372388684119
1.6139700000000001,6.4337488955363735
1.61406,6.433740812324732
1.6141500000000002,6.433737569455113
1.6142400000000001,6.433767792816161
1.61433,6.433800270055562
1.6144200000000002,6.433789026816076
1.6145100000000001,6.433801294761674
1.6146,6.4338127378779895
1.6146900000000002,6.433810746044467
1.61478,6.433831888324453
1.61487,6.433870000843326
1.6149600000000002,6.433863629913111
1.61505,6.433867306470421
1.61514,6.433912351508148
1.6152300000000002,6.4338913158285775
1.61532,6.433904753848997
1.61541,6.433936195363576
1.6155000000000002,6.433941043046326
1.61559,6.433949724548655
1.61568,6.43396518981479
1.6157700000000002,6.433970606519043
1.61586,6.433975208213835
1.61595,6.433996773385527
1.6160400000000001,6.434015194253517
1.61613,6.434028959778731
1.6162200000000002,6.43403439261855
1.6163100000000001,6.434041141471678
1.6164,6.4340694588396845
1.6164900000000002,6.434080666452388
1.6165800000000001,6.434088281692586
1.61667,6.434097708402059
1.6167600000000002,6.434095241766648
1.6168500000000001,6.434124200443426
1.61694,6.434136359078976
1.6170300000000002,6.434140974104741
1.6171200000000001,6.434168913699683
1.61721,6.434161740235543
1.6173000000000002,6.434168228277841
1.61739,6.4342006421716595
1.61748,6.434229844975178
1.6175700000000002,6.434237492007802
1.61766,6.434225188164696
1.61775,6.4342368493195
1.6178400000000002,6.4342728276195595
1.61793,6.434289331703405
1.61802,6.4342942262940195
1.6181100000000002,6.43429289674004
1.6182,6.434298642878549
1.61829,6.434320274158919
1.6183800000000002,6.434340572833664
1.61847,6.434340147883254
1.61856,6.434342089018996
1.6186500000000001,6.434363879426852
1.61874,6.434382908676293
1.61883,6.434388212782193
1.6189200000000001,6.4344149687293415
1.61901,6.43443411963031
1.6191000000000002,6.434408572467476
1.6191900000000001,6.434438004719548
1.61928,6.434468818273215
1.6193700000000002,6.434478840667108
1.6194600000000001,6.434489279936751
1.61955,6.434491162919408
1.6196400000000002,6.4345118616949835
1.6197300000000001,6.434521889997447
1.61982,6.434510984116387
1.6199100000000002,6.434525845158639
1.62,6.4345671307059025
1.62009,6.434587679005626
1.6201800000000002,6.43458303380443
1.62027,6.434589577999298
1.62036,6.4346074689501105
1.6204500000000002,6.434609046905673
1.62054,6.434625115266816
1.62063,6.4346656107515825
1.6207200000000002,6.434665658908
1.62081,6.434653454012329
1.6209,6.434662146646642
1.6209900000000002,6.43469287072317
1.62108,6.434717450008714
1.62117,6.434710899626042
1.6212600000000001,6.4347177902195245
1.62135,6.434750152571917
1.62144,6.434772495233698
1.6215300000000001,6.4347684041561655
1.62162,6.434770950808648
1.6217100000000002,6.434781572304375
1.6218000000000001,6.434794822492422
1.62189,6.434820254487559
1.6219800000000002,6.434823565816005
1.6220700000000001,6.434830908513496
1.62216,6.434859736936856
1.6222500000000002,6.43488225024041
1.6223400000000001,6.434880397986729
1.62243,6.434889587396656
1.6225200000000002,6.434906411964229
1.62261,6.4349135513970745
1.6227,6.434934572126741
1.6227900000000002,6.434941476207266
1.62288,6.434943897444405
1.62297,6.43495795729242
1.6230600000000002,6.434971462590847
1.62315,6.434984956268315
1.62324,6.435003449303918
1.6233300000000002,6.435020126063635
1.62342,6.435025127636466
1.62351,6.4350297719498775
1.6236000000000002,6.435049376958723
1.62369,6.435061377790085
1.62378,6.435062618746411
1.6238700000000001,6.435099939133005
1.62396,6.435124417570885
1.62405,6.435117530836633
1.6241400000000001,6.435111048164368
1.62423,6.435133618812475
1.6243200000000002,6.435148472413488
1.6244100000000001,6.435157832982001
1.6245,6.435172490794473
1.6245900000000002,6.435183334271226
1.6246800000000001,6.435180997510611
1.62477,6.4352226371670245
1.6248600000000002,6.4352550002468805
1.6249500000000001,6.435234593775992
1.62504,6.435238560810712
1.6251300000000002,6.435245687876612
1.62522,6.435268503991699
1.62531,6.435297119447153
1.6254000000000002,6.435295575424312
1.62549,6.435303549697358
1.62558,6.435322780580244
1.6256700000000002,6.435338227868483
1.62576,6.435346042327337
1.62585,6.435358646088518
1.6259400000000002,6.435384529496714
1.62603,6.435393163049067
1.62612,6.435385676323846
1.6262100000000002,6.435411887423446
1.6263,6.435435021692451
1.62639,6.435431371787207
1.6264800000000001,6.435434409957409
1.62657,6.435472974003773
1.62666,6.435481643705748
1.6267500000000001,6.435485893446956
1.62684,6.435496955308178
1.6269300000000002,6.435497751834408
1.6270200000000001,6.435500590534937
1.62711,6.435537865622077
1.6272000000000002,6.435565278227142
1.6272900000000001,6.435563898674003
1.62738,6.435579225446583
1.6274700000000002,6.4355758347981356
1.6275600000000001,6.435584179909259
1.62765,6.435609262686998
1.6277400000000002,6.435619381822168
1.62783,6.435631557505095
1.62792,6.435648731925687
1.6280100000000002,6.435660072447916
1.6281,6.435668243931037
1.62819,6.435694350346121
1.6282800000000002,6.435716897661072
1.62837,6.435695982534307
1.62846,6.435684156644134
1.6285500000000002,6.435753328003134
1.62864,6.435754049449409
1.62873,6.4357551456231565
1.6288200000000002,6.435780526384594
1.62891,6.435775414526649
1.629,6.435788600465738
1.6290900000000001,6.435816699431992
1.62918,6.435832027688758
1.62927,6.435830899179881
1.6293600000000001,6.435840686054603
1.62945,6.435858609040003
1.6295400000000002,6.435873059742791
1.6296300000000001,6.43588440059003
1.62972,6.435900784518558
1.6298100000000002,6.435914608237045
1.6299000000000001,6.435920825189741
1.62999,6.435928358917547
1.6300800000000002,6.43594145193006
1.6301700000000001,6.435948509291514
1.63026,6.435980707001348
1.6303500000000002,6.436004443102802
1.6304400000000001,6.435995588624826
1.63053,6.435999952035488
1.6306200000000002,6.436021376281321
1.63071,6.436038898910546
1.6308,6.436050794825184
1.6308900000000002,6.436068136408396
1.63098,6.4360734140894476
1.63107,6.436081493262171
1.6311600000000002,6.436102115071122
1.63125,6.436116831853823
1.63134,6.436106633427597
1.6314300000000002,6.43613244851452
1.63152,6.4361565061365384
1.63161,6.436149960779659
1.6317000000000002,6.43616586262766
1.63179,6.436192191917236
1.63188,6.436197882187075
1.6319700000000001,6.436199012285468
1.63206,6.436221929238494
1.6321500000000002,6.436227296749447
1.6322400000000001,6.436241538985538
1.63233,6.436265842316993
1.6324200000000002,6.436278410269507
1.6325100000000001,6.436281653826368
1.6326,6.436289341964182
1.6326900000000002,6.436307142496905
1.6327800000000001,6.4363281495839155
1.63287,6.436341619970381
1.6329600000000002,6.436349186816318
1.6330500000000001,6.436359284913697
1.63314,6.436378060855497
1.6332300000000002,6.436396232440804
1.63332,6.436395668200424
1.63341,6.436415445428067
1.6335000000000002,6.436432004801524
1.63359,6.436425110112262
1.63368,6.436441151725701
1.6337700000000002,6.436465872564299
1.63386,6.4364760241951045
1.63395,6.436481407228151
1.6340400000000002,6.436501532339127
1.63413,6.436505171668161
1.63422,6.436507111772516
1.6343100000000002,6.436533417120464
1.6344,6.4365638384675945
1.63449,6.436542753324546
1.6345800000000001,6.43655315140139
1.63467,6.436591398116598
1.6347600000000002,6.436609843384181
1.6348500000000001,6.436615743188046
1.63494,6.436625574406645
1.6350300000000002,6.436641409694912
1.6351200000000001,6.436651505503062
1.63521,6.436654437919042
1.6353000000000002,6.436676837282179
1.6353900000000001,6.436690811015898
1.63548,6.436696703322479
1.6355700000000002,6.436708706748669
1.6356600000000001,6.436713055418007
1.63575,6.436742389414898
1.6358400000000002,6.436763917538816
1.63593,6.436760432585778
1.63602,6.436769349545169
1.6361100000000002,6.436767784059812
1.6362,6.436781105659089
1.63629,6.4368120474165265
1.6363800000000002,6.436829249117889
1.63647,6.4368322052815365
1.63656,6.436835796886658
1.6366500000000002,6.436850922749309
1.63674,6.436879757343255
1.63683,6.436909259332213
1.6369200000000002,6.436899427346708
1.63701,6.436900011881099
1.6371,6.436919900163563
1.6371900000000001,6.436909529787551
1.63728,6.43693958467369
1.63737,6.436969658465153
1.6374600000000001,6.436985071218401
1.63755,6.437006167383388
1.6376400000000002,6.43699811246489
1.6377300000000001,6.436999441748245
1.63782,6.4370205680772745
1.6379100000000002,6.4370380405276935
1.6380000000000001,6.437043779472467
1.63809,6.4370658288028615
1.6381800000000002,6.437081502132101
1.6382700000000001,6.437083667312258
1.63836,6.437095921800703
1.6384500000000002,6.4371019245364405
1.63854,6.437120298876394
1.63863,6.437137304476895
1.6387200000000002,6.437134366581942
1.63881,6.437147126889032
1.6389,6.43717043269358
1.6389900000000002,6.437188823609829
1.63908,6.437198342020476
1.63917,6.437209439680325
1.6392600000000002,6.437231148685469
1.63935,6.437238209482007
1.63944,6.437232795135953
1.6395300000000002,6.4372458564869275
1.63962,6.437272373065347
1.63971,6.437299894946208
1.6398000000000001,6.437305335177715
1.63989,6.43730025537094
1.63998,6.437334177284323
1.6400700000000001,6.43734124111544
1.64016,6.437337075777325
1.6402500000000002,6.43735610774349
1.6403400000000001,6.4373793398857755
1.64043,6.4373982913097585
1.6405200000000002,6.437384674466423
1.6406100000000001,6.437379016022422
1.6407,6.4374246229837455
1.6407900000000002,6.437441238591116
1.6408800000000001,6.437460459826019
1.64097,6.43746498713978
1.6410600000000002,6.437447053068802
1.64115,6.437477393971767
1.64124,6.437504399900323
1.6413300000000002,6.437506548326971
1.64142,6.437517930880839
1.64151,6.437555397957378
1.6416000000000002,6.437543713097477
1.64169,6.437537622481697
1.64178,6.4375640803743615
1.6418700000000002,6.437586108643328
1.64196,6.4375961404588145
1.64205,6.437609469308822
1.6421400000000002,6.437622006447647
1.64223,6.437625847945216
1.64232,6.437637724682685
1.6424100000000001,6.437682601353971
1.6425,6.437697279397203
1.64259,6.437677149562264
1.6426800000000001,6.437687649311759
1.64277,6.437699370155868
1.6428600000000002,6.437722015661851
1.6429500000000001,6.437745983609654
1.64304,6.437749247740559
1.6431300000000002,6.437747543566748
1.6432200000000001,6.437761877915891
1.64331,6.437783435054322
1.6434000000000002,6.437793451840645
1.6434900000000001,6.437794676670954
1.64358,6.437812889489082
1.6436700000000002,6.437832064424426
1.64376,6.4378420040953195
1.64385,6.437855239974445
1.6439400000000002,6.437870667161057
1.64403,6.43787572726624
1.64412,6.437878292087219
1.6442100000000002,6.437894224163058
1.6443,6.4379205076274
1.64439,6.4379457845338095
1.6444800000000002,6.437954684018554
1.64457,6.437952178812172
1.64466,6.437964497356808
1.6447500000000002,6.437995231228071
1.64484,6.438005748583213
1.64493,6.4380092431425195
1.6450200000000001,6.438029120329655
1.64511,6.438007200279635
1.6452,6.438029729558031
1.6452900000000001,6.438068156491717
1.64538,6.438063320622982
1.6454700000000002,6.438075584557776
1.6455600000000001,6.438100426467986
1.64565,6.438112086913458
1.6457400000000002,6.438115268263445
1.6458300000000001,6.4381343943807146
1.64592,6.438149908596028
1.6460100000000002,6.438163684886824
1.6461000000000001,6.438170792342313
1.64619,6.4381676713550275
1.6462800000000002,6.438179872393725
1.6463700000000001,6.438207829455727
1.64646,6.438219660532809
1.6465500000000002,6.438213406221898
1.64664,6.438232883258007
1.64673,6.438257857478276
1.6468200000000002,6.438273388725433
1.64691,6.438277056510931
1.647,6.438280675599314
1.6470900000000002,6.438311345369404
1.64718,6.438331288181492
1.64727,6.438336084377421
1.6473600000000002,6.438345859042875
1.64745,6.438349986520503
1.64754,6.4383757828413986
1.6476300000000001,6.438395148988988
1.64772,6.438392330085371
1.64781,6.438402445693548
1.6479000000000001,6.438403851769375
1.64799,6.438406682002967
1.6480800000000002,6.4384290162230355
1.6481700000000001,6.4384628122327
1.64826,6.438476066519206
1.6483500000000002,6.438470646015766
1.6484400000000001,6.438478449826382
1.64853,6.438507474394011
1.6486200000000002,6.438519094773412
1.6487100000000001,6.438528947880006
1.6488,6.438541372163878
1.6488900000000002,6.438553086151195
1.6489800000000001,6.438568132974845
1.64907,6.438583589528595
1.6491600000000002,6.4385881852865925
1.64925,6.438603238134238
1.64934,6.438632483288983
1.6494300000000002,6.438608952495145
1.64952,6.438620971937341
1.64961,6.438653787343359
1.6497000000000002,6.438660302878901
1.64979,6.438688120933556
1.64988,6.438700944074992
1.6499700000000002,6.438699489130615
1.65006,6.438705447968757
1.65015,6.438720040491009
1.6502400000000002,6.438729882019651
1.65033,6.438761996049702
1.65042,6.438786053827694
1.6505100000000001,6.438771469716293
1.6506,6.438786192614978
1.6506900000000002,6.438799667200099
1.6507800000000001,6.4388103454640175
1.65087,6.4388279118658795
1.6509600000000002,6.438834767001757
1.6510500000000001,6.438851503143908
1.65114,6.438863923585688
1.6512300000000002,6.438862378966886
1.6513200000000001,6.4388664748716264
1.65141,6.438892198581879
1.6515000000000002,6.438916051173404
1.6515900000000001,6.438938363492306
1.65168,6.438957235115721
1.6517700000000002,6.438939852088587
1.65186,6.438952662582298
1.65195,6.438980534598087
1.6520400000000002,6.438989679373021
1.65213,6.439000703929403
1.65222,6.439012234101429
1.6523100000000002,6.439037919620407
1.6524,6.439045131909313
1.65249,6.43901620737986
1.6525800000000002,6.439051021548014
1.65267,6.439080459451804
1.65276,6.439082793479125
1.6528500000000002,6.439099253770893
1.65294,6.4391249593084146
1.65303,6.439114141849878
1.6531200000000001,6.439126569849035
1.65321,6.439165499486111
1.6533000000000002,6.439154493844053
1.6533900000000001,6.4391809179593285
1.65348,6.439189269919135
1.6535700000000002,6.439174897406769
1.6536600000000001,6.439197402424033
1.65375,6.43922030786304
1.6538400000000002,6.4392490696502
1.6539300000000001,6.439267037609616
1.65402,6.4392571486104675
1.6541100000000002,6.439249334898325
1.6542000000000001,6.439282637345718
1.65429,6.439306324759708
1.6543800000000002,6.439301207391209
1.65447,6.439317151931954
1.65456,6.439343955005193
1.6546500000000002,6.439352238864276
1.65474,6.439351444871085
1.65483,6.439361703614824
1.6549200000000002,6.439367163537418
1.65501,6.439399672175329
1.6551,6.439425678197481
1.6551900000000002,6.439420303610654
1.65528,6.439427086331227
1.65537,6.439437238876037
1.6554600000000002,6.439444570728098
1.65555,6.439463783411466
1.65564,6.439496182422175
1.6557300000000001,6.439496127363277
1.65582,6.439512417249893
1.6559100000000002,6.439529129691425
1.6560000000000001,6.439516481075978
1.65609,6.439536141554723
1.6561800000000002,6.439553755983689
1.6562700000000001,6.439569394853314
1.65636,6.4395872516270485
1.6564500000000002,6.439586228275966
1.6565400000000001,6.439596363725596
1.65663,6.4396232315655855
1.6567200000000002,6.439643380482993
1.6568100000000001,6.439643641233906
1.6569,6.439653480096296
1.6569900000000002,6.439664523232936
1.65708,6.439673630375524
1.65717,6.4396886067502646
1.6572600000000002,6.439707498324131
1.65735,6.4397167019224035
1.65744,6.439717138031121
1.6575300000000002,6.439734525913207
1.65762,6.4397762461431265
1.65771,6.439769735757673
1.6578000000000002,6.439763220497725
1.65789,6.439781797155578
1.65798,6.439798309175731
1.6580700000000002,6.439822204217331
1.65816,6.4398357111466575
1.65825,6.4398384043693175
1.6583400000000001,6.439847580339564
1.65843,6.439868809477039
1.65852,6.43987768937667
1.6586100000000001,6.439874359348154
1.6587,6.439888962954938
1.6587900000000002,6.43993216168855
1.6588800000000001,6.439940984491157
1.65897,6.439930690958606
1.6590600000000002,6.439937679158644
1.6591500000000001,6.439958999639198
1.65924,6.439960017198154
1.6593300000000002,6.439981340291355
1.6594200000000001,6.439993557845863
1.65951,6.439989823443925
1.6596000000000002,6.440032090393361
1.65969,6.440049945993407
1.65978,6.44005504826607
1.6598700000000002,6.440064772550304
1.65996,6.440067152096442
1.66005,6.440088369633918
1.6601400000000002,6.440103455301646
1.66023,6.440105380453203
1.66032,6.440112044380752
1.6604100000000002,6.440130549392355
1.6605,6.440159646310839
1.66059,6.440168734874595
1.6606800000000002,6.440160716916626
1.66077,6.440176881409007
1.66086,6.440189311886966
1.6609500000000001,6.440208301071734
1.66104,6.4402346094554135
1.66113,6.440240909952291
1.6612200000000001,6.44022465694203
1.66131,6.4402560662766515
1.6614000000000002,6.440290900733477
1.6614900000000001,6.440280587571042
1.66158,6.4403009797198525
1.6616700000000002,6.440314181771786
1.6617600000000001,6.440312151443771
1.66185,6.44031923561736
1.6619400000000002,6.440344877930599
1.6620300000000001,6.440365834548795
1.66212,6.44037637973282
1.6622100000000002,6.44037917333163
1.6623,6.440384841605623
1.66239,6.440410332750561
1.6624800000000002,6.440422021455956
1.66257,6.440433808025092
1.66266,6.440453876126836
1.6627500000000002,6.4404452930242515
1.66284,6.440457575343351
1.66293,6.440471485449046
1.6630200000000002,6.440485854333493
1.66311,6.440527657246879
1.6632,6.440530143218361
1.6632900000000002,6.440512278562219
1.66338,6.440526236550082
1.66347,6.440571892759393
1.6635600000000001,6.440581698054934
1.66365,6.44057162400359
1.66374,6.4405718786517445
1.6638300000000001,6.4405942614445335
1.66392,6.440627087200377
1.6640100000000002,6.440638927234411
1.6641000000000001,6.440641257632428
1.66419,6.440654408059711
1.6642800000000002,6.4406736787379595
1.6643700000000001,6.440677412028515
1.66446,6.440684237904899
1.6645500000000002,6.440701528126527
1.6646400000000001,6.440716205222768
1.66473,6.440721312396709
1.6648200000000002,6.44072991263477
1.6649100000000001,6.440739158517142
1.665,6.4407475757616774
1.6650900000000002,6.440764133695012
1.66518,6.4407798403261864
1.66527,6.440801041370919
1.6653600000000002,6.440820070046502
1.66545,6.440824385093184
1.66554,6.44083324759544
1.6656300000000002,6.44084785418737
1.66572,6.440855708594849
1.66581,6.440862888193589
1.6659000000000002,6.440893371876915
1.66599,6.4409076479885154
1.66608,6.440904715487431
1.6661700000000002,6.440920087671577
1.66626,6.440959013709612
1.66635,6.440946751716015
1.6664400000000001,6.440940274301316
1.66653,6.440962347577007
1.6666200000000002,6.44097630661727
1.6667100000000001,6.440994235462047
1.6668,6.441009131214238
1.6668900000000002,6.441016280264597
1.6669800000000001,6.4410282601170765
1.66707,6.441054600038849
1.6671600000000002,6.441051517162304
1.6672500000000001,6.441048616635805
1.66734,6.44107260025906
1.6674300000000002,6.441095316580721
1.6675200000000001,6.44109564365601
1.66761,6.441115531851846
1.6677000000000002,6.441134466561985
1.66779,6.441127970679231
1.66788,6.441162337826895
1.6679700000000002,6.441159214674876
1.66806,6.441156220793351
1.66815,6.441188483051248
1.6682400000000002,6.44119464030565
1.66833,6.441241669486584
1.66842,6.441249410667921
1.6685100000000002,6.441221960662791
1.6686,6.441251921786334
1.66869,6.441256798970448
1.6687800000000002,6.441257875240051
1.66887,6.4412839340519366
1.66896,6.441314873096181
1.6690500000000001,6.441315073647184
1.66914,6.4413093007163456
1.6692300000000002,6.441308953962898
1.6693200000000001,6.44133118268158
1.66941,6.4413797706530636
1.6695000000000002,6.441362697281582
1.6695900000000001,6.441373354351673
1.66968,6.441412861147797
1.6697700000000002,6.4413970172075095
1.6698600000000001,6.441412672974102
1.66995,6.4414276639070245
1.6700400000000002,6.4414536275949485
1.6701300000000001,6.441488698794015
1.67022,6.441458853328696
1.6703100000000002,6.441475819940549
1.6704,6.441487171611714
1.67049,6.441469217221431
1.6705800000000002,6.441509682665111
1.67067,6.441536716897114
1.67076,6.441552489509283
1.6708500000000002,6.441558364502252
1.67094,6.4415514781403225
1.67103,6.441577507931347
1.6711200000000002,6.441587895411122
1.67121,6.441584058726778
1.6713,6.441601143652545
1.6713900000000002,6.441630529660762
1.67148,6.441633860618651
1.67157,6.441645746291403
1.6716600000000001,6.441672653426267
1.67175,6.441672395922937
1.6718400000000002,6.44166950385733
1.6719300000000001,6.441678200327933
1.67202,6.441708016797125
1.6721100000000002,6.441740892858718
1.6722000000000001,6.441730936766946
1.67229,6.441740061709513
1.6723800000000002,6.441751533633108
1.6724700000000001,6.4417556132546325
1.67256,6.441799916107019
1.6726500000000002,6.441803166296618
1.6727400000000001,6.441800911247795
1.67283,6.4418129915602735
1.6729200000000002,6.441808456278016
1.67301,6.441826932938259
1.6731,6.44185094431549
1.6731900000000002,6.441874806332853
1.67328,6.441893414379199
1.67337,6.441880093934252
1.6734600000000002,6.44189240193757
1.67355,6.441908629910132
1.67364,6.441911705846925
1.6737300000000002,6.4419374960852664
1.67382,6.441949023838772
1.67391,6.4419597209669055
1.6740000000000002,6.441971744363884
1.67409,6.441977322160286
1.67418,6.442007389513414
1.6742700000000001,6.44200379158431
1.67436,6.442000644638158
1.6744500000000002,6.442038944067633
1.6745400000000001,6.442053519119822
1.67463,6.442060078203853
1.6747200000000002,6.442059156814735
1.6748100000000001,6.44206872241944
1.6749,6.4421073588538205
1.6749900000000002,6.442101673675998
1.6750800000000001,6.442108286341005
1.67517,6.442133341635736
1.6752600000000002,6.44213065040527
1.6753500000000001,6.442138877642519
1.67544,6.442172946705515
1.6755300000000002,6.442189929548119
1.67562,6.442181858556125
1.67571,6.442203523724642
1.6758000000000002,6.442206593143372
1.67589,6.442221539088629
1.67598,6.442243428299205
1.6760700000000002,6.442234211414322
1.67616,6.442276733511149
1.67625,6.442292991807744
1.6763400000000002,6.442266932274915
1.67643,6.442269853657383
1.67652,6.442314803992478
1.6766100000000002,6.442328789174548
1.6767,6.442324230900768
1.67679,6.442336629061729
1.6768800000000001,6.44235037461592
1.67697,6.442370201919455
1.67706,6.4423838858752465
1.6771500000000001,6.442391426930603
1.67724,6.442400180176919
1.6773300000000002,6.442395121382379
1.6774200000000001,6.44241774411212
1.67751,6.4424460277381685
1.6776000000000002,6.442448788949993
1.6776900000000001,6.4424681400911386
1.67778,6.442478240598156
1.6778700000000002,6.4424847196117785
1.6779600000000001,6.442501957058034
1.67805,6.442516439449463
1.6781400000000002,6.442515043284139
1.67823,6.44252550291173
1.67832,6.442553635560536
1.6784100000000002,6.4425683015429716
1.6785,6.442556280950155
1.67859,6.442577452917821
1.6786800000000002,6.442606965027342
1.67877,6.442606726490011
1.67886,6.4426219524565935
1.6789500000000002,6.442635345162651
1.67904,6.4426362149479734
1.67913,6.4426427692438795
1.6792200000000002,6.442668530253245
1.67931,6.442674656780527
1.6794,6.442681243988347
1.6794900000000001,6.442705316521847
1.67958,6.442724919922335
1.67967,6.442714456668915
1.6797600000000001,6.442726260337362
1.67985,6.44274069616425
1.6799400000000002,6.44274174884866
1.6800300000000001,6.442776945201632
1.68012,6.442791784169105
1.6802100000000002,6.442796206959271
1.6803000000000001,6.442799534661138
1.68039,6.442794182103381
1.6804800000000002,6.442828734296848
1.6805700000000001,6.442842955055284
1.68066,6.442848885444662
1.6807500000000002,6.442882121245498
1.6808400000000001,6.4428777743101895
1.68093,6.442883596535431
1.6810200000000002,6.442906100032986
1.68111,6.442921280109236
1.6812,6.442927230605298
1.6812900000000002,6.44292596775026
1.68138,6.442947415397
1.68147,6.442970230065875
1.6815600000000002,6.442961362494515
1.68165,6.44298583349107
1.68174,6.443001397361413
1.6818300000000002,6.4429995298350295
1.68192,6.443010486974532
1.68201,6.443029039120148
1.6821000000000002,6.443040087721641
1.68219,6.443052393289425
1.68228,6.443061151601082
1.6823700000000001,6.443052542166585
1.68246,6.443075159865533
1.6825500000000002,6.443110144357654
1.6826400000000001,6.4431309298485955
1.68273,6.443134038506883
1.6828200000000002,6.443122399126631
1.6829100000000001,6.443142250325148
1.683,6.443164986166186
1.6830900000000002,6.443166069504345
1.6831800000000001,6.443193856576858
1.68327,6.443201588921731
1.6833600000000002,6.443202605341892
1.6834500000000001,6.443216145688753
1.68354,6.4432211071448995
1.6836300000000002,6.443215336202173
1.68372,6.44324365293206
1.68381,6.443285479875466
1.6839000000000002,6.443289274425253
1.68399,6.443284037705453
1.68408,6.44330390866732
1.6841700000000002,6.443323300247364
1.68426,6.443321267457441
1.68435,6.443328203849438
1.6844400000000002,6.443339601345949
1.68453,6.443347046556093
1.68462,6.443358858276679
1.6847100000000002,6.443385929896256
1.6848,6.4434091657182675
1.68489,6.443417552834322
1.6849800000000001,6.4434141263489755
1.68507,6.443414891824585
1.6851600000000002,6.4434348170132285
1.6852500000000001,6.443448673866873
1.68534,6.443460367875146
1.6854300000000002,6.44348247521466
1.6855200000000001,6.443501960422033
1.68561,6.443500407827614
1.6857000000000002,6.443502176347725
1.6857900000000001,6.443525973356296
1.68588,6.443555416991866
1.6859700000000002,6.443561818117611
1.6860600000000001,6.44355504142601
1.68615,6.443563123103484
1.6862400000000002,6.443584996917776
1.68633,6.443587357452612
1.68642,6.44360830330806
1.6865100000000002,6.443623107998792
1.6866,6.443616415752638
1.68669,6.443621272150243
1.6867800000000002,6.443623050091874
1.68687,6.4436566743154575
1.68696,6.44369572259798
1.6870500000000002,6.443693215994445
1.68714,6.443705603122844
1.68723,6.443705010778097
1.6873200000000002,6.443697293389017
1.68741,6.4437099002751825
1.6875,6.443735360495875
1.6875900000000001,6.443769036700877
1.68768,6.4437878226747
1.6877700000000002,6.443782540409882
1.6878600000000001,6.4437747310883875
1.68795,6.4437890736541314
1.6880400000000002,6.443826424912262
1.6881300000000001,6.443846228902236
1.68822,6.443830779808989
1.6883100000000002,6.443838373117732
1.6884000000000001,6.443848114338977
1.68849,6.443860790744744
1.6885800000000002,6.4438849435724235
1.6886700000000001,6.443903025188007
1.68876,6.44391754934417
1.6888500000000002,6.443918372010794
1.68894,6.44391482286042
1.68903,6.443932474947532
1.6891200000000002,6.443961302270589
1.68921,6.443971142644732
1.6893,6.443965537809625
1.6893900000000002,6.443970961111052
1.68948,6.44399247098111
1.68957,6.444011372093724
1.6896600000000002,6.444018618767944
1.68975,6.444024880563347
1.68984,6.44404335063325
1.6899300000000002,6.444057494840185
1.69002,6.444070657044674
1.69011,6.444090245545925
1.6902000000000001,6.444108301104188
1.69029,6.44410715276475
1.6903800000000002,6.444103370530354
1.6904700000000001,6.4441037789054825
1.69056,6.444116191348649
1.6906500000000002,6.444158324649496
1.6907400000000001,6.44418097848246
1.69083,6.444179318462076
1.6909200000000002,6.444183122316437
1.6910100000000001,6.444202245555961
1.6911,6.444203115921927
1.6911900000000002,6.444209762161655
1.6912800000000001,6.444226912267813
1.69137,6.44423489515143
1.6914600000000002,6.444249267200613
1.69155,6.44426425454222
1.69164,6.444276100072312
1.6917300000000002,6.44428687629744
1.69182,6.444293895077627
1.69191,6.444290034502021
1.6920000000000002,6.444311911819508
1.69209,6.444348972627494
1.69218,6.444348524166552
1.6922700000000002,6.444348533435797
1.69236,6.444352940191765
1.69245,6.444374820003211
1.6925400000000002,6.4444097034316234
1.69263,6.444402275412448
1.69272,6.4444120989439755
1.6928100000000001,6.4444329452125
1.6929,6.444437840012416
1.6929900000000002,6.444451783429725
1.6930800000000001,6.444464622603547
1.69317,6.444479537686564
1.6932600000000002,6.444486929352821
1.6933500000000001,6.4444743901037524
1.69344,6.44447736536047
1.6935300000000002,6.4445090447372815
1.6936200000000001,6.444536346975179
1.69371,6.444534350277111
1.6938000000000002,6.444536186014833
1.6938900000000001,6.4445504001436005
1.69398,6.44457080449914
1.6940700000000002,6.444588329321741
1.69416,6.44459874071414
1.69425,6.4446072032703405
1.6943400000000002,6.444616788156353
1.69443,6.444619705616221
1.69452,6.444621728350208
1.6946100000000002,6.444658564757967
1.6947,6.444675214407066
1.69479,6.444672494731965
1.6948800000000002,6.444683033646425
1.69497,6.44468887408593
1.69506,6.4446901360460025
1.6951500000000002,6.444719782648159
1.69524,6.444755545196982
1.69533,6.444738532385653
1.6954200000000001,6.444733437658155
1.69551,6.444758783637207
1.6956,6.444787221420574
1.6956900000000001,6.444796858064478
1.69578,6.444803771084032
1.6958700000000002,6.4448048053030185
1.6959600000000001,6.444817600737077
1.69605,6.444841671469032
1.6961400000000002,6.444842646803926
1.6962300000000001,6.444856314616676
1.69632,6.444872688444675
1.6964100000000002,6.44487789870966
1.6965000000000001,6.444883045454675
1.69659,6.444884196301746
1.6966800000000002,6.444894902247666
1.6967700000000001,6.444920168708972
1.69686,6.44494598162888
1.6969500000000002,6.4449551230635675
1.69704,6.444957081510436
1.69713,6.4449701964279775
1.6972200000000002,6.444982779963533
1.69731,6.444974279381984
1.6974,6.4450123157428205
1.6974900000000002,6.445035814458403
1.69758,6.4450153612001335
1.69767,6.445013601786666
1.6977600000000002,6.44504538699936
1.69785,6.445066795945194
1.69794,6.44507457202243
1.6980300000000002,6.445079804584319
1.69812,6.445062913792115
1.69821,6.44509251860776
1.6983000000000001,6.4451312525989986
1.69839,6.445131199729126
1.6984800000000002,6.445127324517305
1.6985700000000001,6.445140123407564
1.69866,6.445159017502712
1.6987500000000002,6.445173747560259
1.6988400000000001,6.445181934521568
1.69893,6.445181001412008
1.6990200000000002,6.445208114532009
1.6991100000000001,6.445233668736905
1.6992,6.445228273364768
1.6992900000000002,6.4452368544762955
1.6993800000000001,6.445240831995053
1.69947,6.445245728465938
1.6995600000000002,6.445257970177505
1.69965,6.445270566993017
1.69974,6.445300818565805
1.6998300000000002,6.445315242472296
1.69992,6.445313587026552
1.70001,6.445326280000623
1.7001000000000002,6.445341928106834
1.70019,6.445339531798912
1.70028,6.445353214138217
1.7003700000000002,6.44538950497441
1.70046,6.44538895948657
1.70055,6.445394157173813
1.7006400000000002,6.445416321192838
1.70073,6.445423803969109
1.70082,6.445403731884826
1.7009100000000001,6.445416685455307
1.701,6.4454497075841415
1.7010900000000002,6.445469571454048
1.7011800000000001,6.445472090137207
1.70127,6.4454813685654075
1.7013600000000002,6.445497722959952
1.7014500000000001,6.445506853952804
1.70154,6.445505350116812
1.7016300000000002,6.445512346185359
1.7017200000000001,6.445543757514674
1.70181,6.445561919012933
1.7019000000000002,6.445558137371068
1.7019900000000001,6.445562769317498
1.70208,6.445570010020624
1.7021700000000002,6.44559687581034
1.70226,6.445618858576441
1.70235,6.44561194444576
1.7024400000000002,6.445614588156605
1.70253,6.4456329408776885
1.70262,6.445644593801461
1.7027100000000002,6.4456519609859235
1.7028,6.445676978976271
1.70289,6.445677514874211
1.7029800000000002,6.4456833514511676
1.70307,6.445710275594126
1.70316,6.445727741415855
1.7032500000000002,6.445721991094443
1.70334,6.445724595324726
1.70343,6.445740079320495
1.7035200000000001,6.445751899790584
1.70361,6.445763049790184
1.7037000000000002,6.445789575476879
1.7037900000000001,6.445805616546481
1.70388,6.445802651683434
1.7039700000000002,6.44580901557139
1.7040600000000001,6.445817689887882
1.70415,6.445826317084718
1.7042400000000002,6.445839952692871
1.7043300000000001,6.445860377489933
1.70442,6.4458783250969205
1.7045100000000002,6.445887397157373
1.7046000000000001,6.445896937267207
1.70469,6.44590587808568
1.7047800000000002,6.445900496020894
1.70487,6.44591814582694
1.70496,6.445936604792327
1.7050500000000002,6.44594554202135
1.70514,6.445966382405643
1.70523,6.445971051853294
1.7053200000000002,6.445970710514886
1.70541,6.44596987026094
1.7055,6.4459721209250835
1.7055900000000002,6.446002696931012
1.70568,6.446025468626869
1.70577,6.446041346320438
1.7058600000000002,6.446050569471807
1.70595,6.446035964047939
1.70604,6.446062735519394
1.7061300000000001,6.446090241871556
1.70622,6.4460890889503615
1.7063100000000002,6.4460893910265
1.7064000000000001,6.446096333751217
1.70649,6.44613125068477
1.7065800000000002,6.446149765443469
1.7066700000000001,6.446124861685455
1.70676,6.446131258510318
1.7068500000000002,6.446152530193928
1.7069400000000001,6.446176720016536
1.70703,6.446200250453093
1.7071200000000002,6.4462047629622266
1.7072100000000001,6.446178553471969
1.7073,6.446198201498744
1.7073900000000002,6.446242052091691
1.70748,6.4462372556753795
1.70757,6.446257955335938
1.7076600000000002,6.446258459082656
1.70775,6.446255755128038
1.70784,6.446286322519252
1.7079300000000002,6.446303468547796
1.70802,6.446306256855928
1.70811,6.446303253935638
1.7082000000000002,6.446309681350805
1.70829,6.446332836378974
1.70838,6.4463406956227445
1.7084700000000002,6.4463509492313245
1.70856,6.4463679888002945
1.70865,6.446378950113966
1.7087400000000001,6.446395412236205
1.70883,6.44640287083221
1.7089200000000002,6.446408043409816
1.7090100000000001,6.446422601632785
1.7091,6.446439234967063
1.7091900000000002,6.446459582916139
1.7092800000000001,6.446462632722199
1.70937,6.446454368935346
1.7094600000000002,6.44646286112424
1.7095500000000001,6.4464723900966145
1.70964,6.446509917642759
1.7097300000000002,6.446535161981632
1.7098200000000001,6.446515706313193
1.70991,6.446531237630253
1.7100000000000002,6.446535876509115
1.71009,6.446542977376912
1.71018,6.4465704212504304
1.7102700000000002,6.446575025479715
1.71036,6.446566390524808
1.71045,6.44657764638263
1.7105400000000002,6.446605606761206
1.71063,6.446618289442419
1.71072,6.446618171660887
1.7108100000000002,6.446622667818768
1.7109,6.446650590842625
1.71099,6.446680393347302
1.7110800000000002,6.446663435064019
1.71117,6.446682343201982
1.71126,6.446708483175421
1.7113500000000001,6.446709262813298
1.71144,6.446724011007821
1.7115300000000002,6.446719864660299
1.7116200000000001,6.4467272596866465
1.71171,6.446747409598437
1.7118000000000002,6.4467537709333245
1.7118900000000001,6.446773722955664
1.71198,6.446774462215591
1.7120700000000002,6.446780279882229
1.7121600000000001,6.446809574895831
1.71225,6.446807921115149
1.7123400000000002,6.4468081425058115
1.7124300000000001,6.4468252275102405
1.71252,6.4468411406933805
1.7126100000000002,6.446847191181635
1.7127000000000001,6.446878712302732
1.71279,6.44688397338607
1.7128800000000002,6.446877184919427
1.71297,6.4469011347716085
1.71306,6.446897077238722
1.7131500000000002,6.446907613589577
1.71324,6.446940571627682
1.71333,6.446956470494877
1.7134200000000002,6.446937198399042
1.71351,6.446933430908069
1.7136,6.446952650164002
1.7136900000000002,6.446978613838567
1.71378,6.446998574850608
1.71387,6.446999485139342
1.7139600000000002,6.447002210567153
1.71405,6.447017272176034
1.71414,6.447042385022337
1.7142300000000001,6.447073090893252
1.71432,6.447058213082197
1.7144100000000002,6.447048415750004
1.7145000000000001,6.447080601775784
1.71459,6.447097478273841
1.7146800000000002,6.44710080763873
1.7147700000000001,6.447085237336318
1.71486,6.447081688062729
1.7149500000000002,6.447123944195596
1.7150400000000001,6.447156529870526
1.71513,6.447161079661106
1.7152200000000002,6.4471555787020005
1.7153100000000001,6.447158646190967
1.7154,6.4471698839965494
1.7154900000000002,6.447200861325071
1.71558,6.447223178732762
1.71567,6.447215487407399
1.7157600000000002,6.447200262000088
1.71585,6.4472079609828254
1.71594,6.447246541682673
1.7160300000000002,6.447280602678763
1.71612,6.447273547111666
1.71621,6.44725484861976
1.7163000000000002,6.4472726219471665
1.71639,6.447301136252532
1.71648,6.447312152367631
1.7165700000000002,6.447337010331788
1.71666,6.44733966953688
1.71675,6.447323456885795
1.7168400000000001,6.447326562568182
1.71693,6.44736278345689
1.7170200000000002,6.447379831719673
1.7171100000000001,6.4473850801837065
1.7172,6.447395972090885
1.7172900000000002,6.44741032568833
1.7173800000000001,6.447419866653812
1.71747,6.447423346523674
1.7175600000000002,6.447430112116372
1.7176500000000001,6.447438107196285
1.71774,6.4474339671779655
1.7178300000000002,6.447442641160969
1.7179200000000001,6.447470961283516
1.71801,6.447497887403318
1.7181000000000002,6.447501801736645
1.71819,6.447499030303435
1.71828,6.447515638745445
1.7183700000000002,6.447537727445781
1.71846,6.447544283828828
1.71855,6.447553914726071
1.7186400000000002,6.447557275637082
1.71873,6.447569776699556
1.71882,6.447591873473746
1.7189100000000002,6.447592679296049
1.719,6.447590077810008
1.71909,6.447608433001898
1.7191800000000002,6.447630763988582
1.71927,6.447626645117309
1.71936,6.447624248967019
1.7194500000000001,6.44764835879035
1.71954,6.44767643392306
1.7196300000000002,6.4476828290752355
1.7197200000000001,6.447686796391512
1.71981,6.447690766950667
1.7199000000000002,6.447705431185584
1.7199900000000001,6.44772730472743
1.72008,6.4477311497208225
1.7201700000000002,6.447714709922914
1.7202600000000001,6.447726606378592
1.72035,6.447763201174046
1.7204400000000002,6.447779216671844
1.7205300000000001,6.447782455105443
1.72062,6.447782016000927
1.7207100000000002,6.447782111501922
1.7208,6.447801077733505
1.72089,6.447847264187005
1.7209800000000002,6.447827521303789
1.72107,6.447814085029984
1.72116,6.447847043996504
1.7212500000000002,6.4478584105487755
1.72134,6.447883495431563
1.72143,6.447893640856258
1.7215200000000002,6.447889903495588
1.72161,6.447902375307114
1.7217,6.447915456900593
1.7217900000000002,6.447926449102755
1.72188,6.447927526864244
1.72197,6.447926259237811
1.7220600000000001,6.447947798021654
1.72215,6.447971801687629
1.7222400000000002,6.447983180084315
1.7223300000000001,6.447981058845318
1.72242,6.447981778573817
1.7225100000000002,6.448011725173234
1.7226000000000001,6.448022559621249
1.72269,6.448014421448303
1.7227800000000002,6.448024631131185
1.7228700000000001,6.448039181611571
1.72296,6.448030391575108
1.7230500000000002,6.448080427921067
1.7231400000000001,6.448133905637075
1.72323,6.448035988730641
1.7233200000000002,6.448086297016323
1.72341,6.448126898503383
1.7235,6.448105040532098
1.7235900000000002,6.448163869383133
1.72368,6.448139766423624
1.72377,6.448112646694399
1.7238600000000002,6.44814638830772
1.72395,6.448187965484322
1.72404,6.448174018814919
1.7241300000000002,6.448180123456071
1.72422,6.44820579045696
1.72431,6.448221715511356
1.7244000000000002,6.448228227081892
1.72449,6.448206964968797
1.72458,6.448231838336218
1.7246700000000001,6.448266327500478
1.72476,6.448246950916316
1.7248500000000002,6.448289166317112
1.7249400000000001,6.448286696069348
1.72503,6.448277294737259
1.7251200000000002,6.448315100662043
1.7252100000000001,6.4483012738030165
1.7253,6.448321776119506
1.7253900000000002,6.448344824481562
1.7254800000000001,6.448343000126532
1.72557,6.448359126850962
1.7256600000000002,6.448357487435185
1.7257500000000001,6.4483534717010835
1.72584,6.448374782090782
1.7259300000000002,6.448402686756872
1.72602,6.448383908336131
1.72611,6.448393393122593
1.7262000000000002,6.44841706466214
1.72629,6.4484246783143995
1.72638,6.448456867357774
1.7264700000000002,6.448474521419885
1.72656,6.448457461948235
1.72665,6.448451261529013
1.7267400000000002,6.448495460379291
1.72683,6.448510455730238
1.72692,6.448495936375175
1.7270100000000002,6.448508438735013
1.7271,6.448544134373827
1.72719,6.448518897855852
1.7272800000000001,6.448548934220964
1.72737,6.448566328687374
1.7274600000000002,6.448541086428003
1.7275500000000001,6.4485931252811
1.72764,6.448598269269664
1.7277300000000002,6.448582482712838
1.7278200000000001,6.448590845281794
1.72791,6.448607261357305
1.7280000000000002,6.448632886451809
1.7280900000000001,6.448648858189487
1.72818,6.448649059557748
1.7282700000000002,6.448641095218833
1.7283600000000001,6.448639925198152
1.72845,6.448685672490338
1.7285400000000002,6.44870122846207
1.72863,6.448682068575173
1.72872,6.448716639411075
1.7288100000000002,6.448699403069633
1.7289,6.448708279625682
1.72899,6.448745073968165
1.7290800000000002,6.448735991096312
1.72917,6.448750067934988
1.72926,6.448760424939924
1.7293500000000002,6.448771240912133
1.72944,6.448792010551916
1.72953,6.448790022999311
1.7296200000000002,6.448799261627973
1.72971,6.448813960654222
1.7298,6.448827056611819
1.7298900000000001,6.448848907449752
1.72998,6.448857366461643
1.7300700000000002,6.448857186847955
1.7301600000000001,6.448859007365172
1.73025,6.448865882532314
1.7303400000000002,6.448877676314886
1.7304300000000001,6.448892888537512
1.73052,6.448897344577455
1.7306100000000002,6.448901031187276
1.7307000000000001,6.448930981748064
1.73079,6.448934382476385
1.7308800000000002,6.448930469908322
1.7309700000000001,6.4489427318517665
1.73106,6.448957765393388
1.7311500000000002,6.448972569298861
1.7312400000000001,6.448978206233469
1.73133,6.448985638140286
1.7314200000000002,6.449001536015036
1.73151,6.449005954960076
1.7316,6.449023954539329
1.7316900000000002,6.449035437182785
1.73178,6.449033690156688
1.73187,6.4490510808533195
1.7319600000000002,6.449057673887217
1.73205,6.449074789032438
1.73214,6.449093283989764
1.7322300000000002,6.449083806186836
1.73232,6.449091960833979
1.73241,6.449125446073447
1.7325000000000002,6.4491288948194985
1.73259,6.4491075870276475
1.7326800000000002,6.449157799809097
1.7327700000000001,6.449165075405936
1.73286,6.4491670289325125
1.7329500000000002,6.449185223379521
1.7330400000000001,6.449154894694301
1.73313,6.449178725891244
1.7332200000000002,6.449208739832358
1.7333100000000001,6.449212912476621
1.7334,6.449218602959387
1.7334900000000002,6.449215249506311
1.7335800000000001,6.449230403542227
1.73367,6.449252424100712
1.7337600000000002,6.449253186656448
1.7338500000000001,6.449248341591235
1.73394,6.44928890612965
1.7340300000000002,6.449308844349069
1.73412,6.4492909702665555
1.73421,6.449302168864023
1.7343000000000002,6.449310871265692
1.73439,6.4493243776907985
1.73448,6.44935024739941
1.7345700000000002,6.449365766336466
1.73466,6.449349321309248
1.73475,6.449370894719268
1.7348400000000002,6.449389188645973
1.73493,6.44937153019607
1.73502,6.4493875230903575
1.7351100000000002,6.44940677805888
1.7352,6.449418611624516
1.73529,6.449417216904938
1.7353800000000001,6.449409491399622
1.73547,6.449447852552381
1.7355600000000002,6.449468254644221
1.7356500000000001,6.449463586458348
1.73574,6.449470104959851
1.7358300000000002,6.449468972169118
1.7359200000000001,6.4494820924928495
1.73601,6.449503209089258
1.7361000000000002,6.449517827744323
1.7361900000000001,6.449528999576453
1.73628,6.4495304413790215
1.7363700000000002,6.449525530353805
1.7364600000000001,6.449534404270629
1.73655,6.449569111496091
1.7366400000000002,6.449599821159353
1.73673,6.449596268546465
1.73682,6.449574734940072
1.7369100000000002,6.44957863675278
1.737,6.449618466999947
1.73709,6.449629949638778
1.7371800000000002,6.449635853483423
1.73727,6.4496515800479965
1.73736,6.449644407109436
1.7374500000000002,6.44965539720511
1.73754,6.449670056644731
1.73763,6.44968270842286
1.7377200000000002,6.449698686466005
1.73781,6.449691453894341
1.7379,6.449697320019066
1.7379900000000001,6.449719144883431
1.73808,6.449732048826163
1.7381700000000002,6.449732283496745
1.7382600000000001,6.449737649441924
1.73835,6.449751130554581
1.7384400000000002,6.449758866278772
1.7385300000000001,6.449757065892401
1.73862,6.449775844957075
1.7387100000000002,6.4497873707197195
1.7388000000000001,6.449793894481238
1.73889,6.449818512160306
1.7389800000000002,6.44983792816831
1.7390700000000001,6.449836840336875
1.73916,6.449822368522059
1.7392500000000002,6.449826956950067
1.73934,6.449871329892026
1.73943,6.449891332064764
1.7395200000000002,6.449898652371339
1.73961,6.449896399742527
1.7397,6.44987819647201
1.7397900000000002,6.449918559812564
1.73988,6.449931868027594
1.73997,6.449923046810246
1.7400600000000002,6.4499439960622125
1.74015,6.449940047167649
1.74024,6.449946171459666
1.7403300000000002,6.449971062605119
1.74042,6.449990339989631
1.74051,6.449986196053572
1.7406000000000001,6.449970595942093
1.74069,6.4499968984060905
1.7407800000000002,6.45003721760893
1.7408700000000001,6.4500310468820485
1.74096,6.450036700999914
1.7410500000000002,6.450044025848074
1.7411400000000001,6.45004912038594
1.74123,6.450063176954213
1.7413200000000002,6.450079438960972
1.7414100000000001,6.450086546357815
1.7415,6.4500895725394285
1.7415900000000002,6.4501040125174445
1.7416800000000001,6.450125474395057
1.74177,6.450108793184842
1.7418600000000002,6.450103101351689
1.74195,6.450140050976429
1.74204,6.450176817510771
1.7421300000000002,6.45015735093684
1.74222,6.450143458528293
1.74231,6.45015358931158
1.7424000000000002,6.450172528955987
1.74249,6.450204194795152
1.74258,6.450215333855097
1.7426700000000002,6.450219877339128
1.74276,6.450228154676619
1.74285,6.450231191359175
1.7429400000000002,6.4502522595319025
1.74303,6.450259114947476
1.74312,6.450261087865545
1.7432100000000001,6.450277441426418
1.7433,6.450267192403571
1.7433900000000002,6.450277729149745
1.7434800000000001,6.450297184624994
1.74357,6.450305477509566
1.7436600000000002,6.450325867709976
1.7437500000000001,6.450325939619258
1.74384,6.450340819383917
1.7439300000000002,6.4503638189394294
1.7440200000000001,6.450357150418679
1.74411,6.450380521763404
1.7442000000000002,6.450385984688715
1.7442900000000001,6.450374299808791
1.74438,6.4503879937099065
1.7444700000000002,6.450416858348541
1.74456,6.45044593180826
1.74465,6.450440611079287
1.7447400000000002,6.450416274809574
1.74483,6.450429889359072
1.74492,6.450438728016548
1.7450100000000002,6.450443104865297
1.7451,6.4504607394680225
1.74519,6.450487055036664
1.7452800000000002,6.450499182320165
1.74537,6.45051114115108
1.74546,6.450517777398514
1.7455500000000002,6.450512368217154
1.74564,6.45051836308553
1.74573,6.450539897103506
1.7458200000000001,6.450563689369424
1.74591,6.450569184797642
1.7460000000000002,6.450557450665146
1.7460900000000001,6.450575973785185
1.74618,6.450593861494363
1.7462700000000002,6.450598615248022
1.7463600000000001,6.450605681937026
1.74645,6.45059803567915
1.7465400000000002,6.450601001941785
1.7466300000000001,6.450620389439317
1.74672,6.45064314139966
1.7468100000000002,6.450658500437146
1.7469000000000001,6.450649427322935
1.74699,6.450659837859472
1.7470800000000002,6.450687895590579
1.7471700000000001,6.450686856146219
1.74726,6.450700088873289
1.7473500000000002,6.450707239424261
1.74744,6.450713475320156
1.74753,6.450734589626149
1.7476200000000002,6.450737989113525
1.74771,6.4507551850092755
1.7478,6.450760046967029
1.7478900000000002,6.450744848877168
1.74798,6.450765079374722
1.74807,6.4507896946951515
1.7481600000000002,6.450794781294526
1.74825,6.450784230225822
1.74834,6.450786289837906
1.7484300000000002,6.4508290778129505
1.74852,6.450846175319979
1.7486100000000002,6.450841516509507
1.7487000000000001,6.450850719766572
1.74879,6.450844892653397
1.7488800000000002,6.450864589738702
1.7489700000000001,6.450887796074354
1.74906,6.450892604308282
1.7491500000000002,6.450897780034381
1.7492400000000001,6.450875394863286
1.74933,6.450888049989884
1.7494200000000002,6.450928067113378
1.7495100000000001,6.45093107393222
1.7496,6.45093797447099
1.7496900000000002,6.450955078890308
1.7497800000000001,6.450960681061788
1.74987,6.450956747980243
1.7499600000000002,6.450976443768647
1.75005,6.450987805084815
1.75014,6.45100004591533
1.7502300000000002,6.451017033261063
1.75032,6.451016356947918
1.75041,6.451017037758495
1.7505000000000002,6.451021996827555
1.75059,6.451040804548202
1.75068,6.451071720647357
1.7507700000000002,6.451075047264085
1.75086,6.451063706777153
1.75095,6.451062422497827
1.7510400000000002,6.451084243633514
1.75113,6.451116896518327
1.7512200000000002,6.451113283481977
1.7513100000000001,6.4511046092706446
1.7514,6.451124852562784
1.7514900000000002,6.451149613040942
1.7515800000000001,6.451138806667849
1.75167,6.451152448830003
1.7517600000000002,6.451174603434588
1.7518500000000001,6.451163651743642
1.75194,6.45117951781827
1.7520300000000002,6.4511974923046065
1.7521200000000001,6.451199192056881
1.75221,6.451200956023237
1.7523000000000002,6.451221313381596
1.7523900000000001,6.451231511035187
1.75248,6.451233253303018
1.7525700000000002,6.451237239967694
1.75266,6.451248940493564
1.75275,6.451275430653064
1.7528400000000002,6.451282840906898
1.75293,6.451281941273712
1.75302,6.451296272476421
1.7531100000000002,6.4513028792012586
1.7532,6.451306251094102
1.75329,6.451320178467922
1.7533800000000002,6.451337906458399
1.75347,6.451343295781863
1.75356,6.4513604925030865
1.7536500000000002,6.451367694913102
1.75374,6.451361989713811
1.75383,6.451364256853368
1.7539200000000001,6.451368666144608
1.75401,6.45139300665538
1.7541000000000002,6.451414453074284
1.7541900000000001,6.451409638454459
1.75428,6.451406297437689
1.7543700000000002,6.451421834401963
1.7544600000000001,6.451446942968906
1.75455,6.451454606505008
1.7546400000000002,6.451439662177484
1.7547300000000001,6.451454837919007
1.75482,6.451471741923335
1.7549100000000002,6.451478017340214
1.7550000000000001,6.4514975103042564
1.75509,6.451523292503583
1.7551800000000002,6.451505628748166
1.75527,6.451508840666036
1.75536,6.45155394999796
1.7554500000000002,6.451543280561592
1.75554,6.451562564874107
1.75563,6.451567585789906
1.7557200000000002,6.451553028604719
1.75581,6.451586674133914
1.7559,6.4516019200682155
1.7559900000000002,6.451592988742362
1.75608,6.4515843443921685
1.75617,6.451594971693062
1.7562600000000002,6.451624011573405
1.75635,6.451633334768827
1.75644,6.451633351345025
1.7565300000000001,6.451647836746229
1.75662,6.4516649444680425
1.7567100000000002,6.451663331566849
1.7568000000000001,6.451680519878047
1.75689,6.451693752800107
1.7569800000000002,6.451664959293074
1.7570700000000001,6.45168715831087
1.75716,6.4517115041613
1.7572500000000002,6.451721115526882
1.7573400000000001,6.451739207646407
1.75743,6.451749766212897
1.7575200000000002,6.451749805133921
1.7576100000000001,6.451758097618351
1.7577,6.451774878862495
1.7577900000000002,6.451779504176799
1.75788,6.451788268394875
1.75797,6.45179553006168
1.7580600000000002,6.451795111323359
1.75815,6.451798409655083
1.75824,6.451820356647829
1.7583300000000002,6.45183245429311
1.75842,6.451840139279303
1.75851,6.451854706660363
1.7586000000000002,6.451856290468693
1.75869,6.451865530978214
1.75878,6.451877837273789
1.7588700000000002,6.4518849478329905
1.75896,6.451894282661824
1.75905,6.451905510122648
1.7591400000000001,6.4519043469341035
1.75923,6.451906728126122
1.7593200000000002,6.4519302242577865
1.7594100000000001,6.451941273193358
1.7595,6.451930857064401
1.7595900000000002,6.451947873706639
1.7596800000000001,6.451986464729105
1.75977,6.451969565267135
1.7598600000000002,6.451977334268154
1.7599500000000001,6.451993883955569
1.76004,6.451996666731796
1.7601300000000002,6.452010009668861
1.7602200000000001,6.452023062630356
1.76031,6.452037242341043
1.7604000000000002,6.45203668081941
1.76049,6.452023043487946
1.76058,6.452043472406342
1.7606700000000002,6.4520668908952254
1.76076,6.452081371439979
1.76085,6.452089295991384
1.7609400000000002,6.452089888004117
1.76103,6.452108254950535
1.76112,6.452100904804638
1.7612100000000002,6.452094123507418
1.7613,6.452135240324503
1.76139,6.452124360483571
1.7614800000000002,6.452136894104757
1.76157,6.452171834895393
1.76166,6.452164079346394
1.7617500000000001,6.45213879535929
1.76184,6.452171397774768
1.7619300000000002,6.452209716803926
1.7620200000000001,6.452205475561225
1.76211,6.452198447275401
1.7622000000000002,6.452193996285485
1.7622900000000001,6.452215643654629
1.76238,6.452236367036259
1.7624700000000002,6.452228985548716
1.7625600000000001,6.452255825346759
1.76265,6.45226736411897
1.7627400000000002,6.452266635359778
1.7628300000000001,6.452282422991051
1.76292,6.452292470156855
1.7630100000000002,6.452295699175219
1.7631000000000001,6.452288643718964
1.76319,6.4522958828103745
1.7632800000000002,6.45233302299675
1.76337,6.452324741476965
1.76346,6.4523340337332815
1.7635500000000002,6.452353808584328
1.76364,6.452338071053369
1.76373,6.452354250808762
1.7638200000000002,6.452370488221701
1.76391,6.452374404491
1.764,6.452386968721038
1.7640900000000002,6.4524122234649415
1.76418,6.452410719712644
1.76427,6.452405153317794
1.7643600000000002,6.452419425326829
1.76445,6.452439477436032
1.7645400000000002,6.452448782535687
1.7646300000000001,6.452442982681719
1.76472,6.452448321631823
1.7648100000000002,6.4524763781485746
1.7649000000000001,6.452485458193477
1.76499,6.452474532072166
1.7650800000000002,6.452476652307119
1.7651700000000001,6.452506102818058
1.76526,6.452529007762824
1.7653500000000002,6.4525096807009135
1.7654400000000001,6.452521761090298
1.76553,6.45255615976542
1.7656200000000002,6.452542882740751
1.7657100000000001,6.4525493434336685
1.7658,6.4525619123932385
1.7658900000000002,6.45256779733802
1.76598,6.452579020732995
1.76607,6.452597416544901
1.7661600000000002,6.452598415827772
1.76625,6.452601472345895
1.76634,6.452625662185862
1.7664300000000002,6.452644953264472
1.76652,6.452622978386232
1.76661,6.452624269914311
1.7667000000000002,6.452648475141247
1.76679,6.452650280561749
1.76688,6.452675639708839
1.7669700000000002,6.4526746523999465
1.76706,6.452673788878378
1.7671500000000002,6.452705351776072
1.7672400000000001,6.452713935844342
1.76733,6.452715697842798
1.7674200000000002,6.4527277820553275
1.7675100000000001,6.452738671638316
1.7676,6.452733104299296
1.7676900000000002,6.4527385774997
1.7677800000000001,6.452754796113915
1.76787,6.45275499591413
1.7679600000000002,6.452747698988529
1.7680500000000001,6.452791720323116
1.76814,6.4527975826489765
1.7682300000000002,6.452785422341795
1.7683200000000001,6.452806037242616
1.76841,6.4528221020241485
1.7685000000000002,6.452831407756839
1.76859,6.452848339635477
1.76868,6.452853377742617
1.7687700000000002,6.452831468613785
1.76886,6.45285134494807
1.76895,6.452878019129225
1.7690400000000002,6.452889507280707
1.76913,6.452892895401504
1.76922,6.452881118946389
1.7693100000000002,6.452888944520875
1.7694,6.452904167423596
1.76949,6.452916753052814
1.7695800000000002,6.452940986477367
1.76967,6.4529321299194295
1.7697600000000002,6.452930451245826
1.7698500000000001,6.4529487933577006
1.76994,6.452955081616346
1.7700300000000002,6.4529679379601905
1.7701200000000001,6.4529845447784595
1.77021,6.452998774447541
1.7703000000000002,6.453010914169787
1.7703900000000001,6.453017569835364
1.77048,6.452999988389503
1.7705700000000002,6.453015497344389
1.7706600000000001,6.45305409742101
1.77075,6.45303640330092
1.7708400000000002,6.453046517799391
1.7709300000000001,6.45305945343974
1.77102,6.453056984599246
1.7711100000000002,6.453066294638193
1.7712,6.453085066435701
1.77129,6.453107217693759
1.7713800000000002,6.45311171707215
1.77147,6.453101272764372
1.77156,6.453112945633473
1.7716500000000002,6.453129576682772
1.77174,6.453146702565819
1.77183,6.45315503051216
1.7719200000000002,6.45314469410935
1.77201,6.453148649668373
1.7721,6.453162504426664
1.7721900000000002,6.4531828015715575
1.77228,6.45320150051563
1.77237,6.453192140096157
1.7724600000000001,6.453201745214964
1.77255,6.453210226932072
1.7726400000000002,6.453203057827516
1.7727300000000001,6.453222263347632
1.77282,6.45322435942034
1.7729100000000002,6.453241191535306
1.7730000000000001,6.453269381963326
1.77309,6.453266381704862
1.7731800000000002,6.453280153532417
1.7732700000000001,6.45328529955347
1.77336,6.453283511598547
1.7734500000000002,6.453293712169915
1.7735400000000001,6.453299358758009
1.77363,6.453332485782525
1.7737200000000002,6.453348623873849
1.77381,6.4533266961437175
1.7739,6.45332624635916
1.7739900000000002,6.453347043713321
1.77408,6.453365612435451
1.77417,6.453368536451558
1.7742600000000002,6.453366639969548
1.77435,6.453381852093284
1.77444,6.4533908160186995
1.7745300000000002,6.453388068461035
1.77462,6.453390530031839
1.77471,6.45340531433165
1.7748000000000002,6.453419683938803
1.77489,6.453432301213763
1.77498,6.453442758574869
1.7750700000000001,6.453447408893132
1.77516,6.453458076983656
1.7752500000000002,6.453475369830428
1.7753400000000001,6.4534945992552615
1.77543,6.453504976785311
1.7755200000000002,6.453493388179881
1.7756100000000001,6.453493566588908
1.7757,6.4535001584887
1.7757900000000002,6.453505738371987
1.7758800000000001,6.453534535649655
1.77597,6.453546143565377
1.7760600000000002,6.45353804903426
1.7761500000000001,6.453538095002178
1.77624,6.453563938421523
1.7763300000000002,6.453596012112343
1.77642,6.45359204878649
1.77651,6.453570873021731
1.7766000000000002,6.453576084967436
1.77669,6.453594836559987
1.77678,6.4536263473653905
1.7768700000000002,6.453622265951863
1.77696,6.453599027928579
1.77705,6.453642025531478
1.7771400000000002,6.453647500117678
1.77723,6.453654820390061
1.77732,6.4536767592669095
1.7774100000000002,6.453660763891779
1.7775,6.453665753974745
1.77759,6.453683217584991
1.7776800000000001,6.453700139944158
1.77777,6.4537128451001085
1.7778600000000002,6.453709104668899
1.7779500000000001,6.453712405610295
1.77804,6.453732968324577
1.7781300000000002,6.453747938776221
1.7782200000000001,6.453737974537907
1.77831,6.453753930740189
1.7784000000000002,6.453771678460095
1.7784900000000001,6.453778307352212
1.77858,6.453791906072895
1.7786700000000002,6.453794775908502
1.7787600000000001,6.453784270165958
1.77885,6.453781481347764
1.7789400000000002,6.453808183070282
1.7790300000000001,6.453849566901398
1.77912,6.4538388220591205
1.7792100000000002,6.453820013226911
1.7793,6.45383967009574
1.77939,6.453867020406375
1.7794800000000002,6.453881836557954
1.77957,6.453871156396677
1.77966,6.453862360838246
1.7797500000000002,6.453888867999675
1.77984,6.453919875581425
1.77993,6.453905721864519
1.7800200000000002,6.4538998943461126
1.78011,6.453937278764812
1.7802,6.453942103390789
1.7802900000000002,6.453936766320351
1.78038,6.453939632986977
1.7804700000000002,6.453954061344867
1.7805600000000001,6.4539771886842985
1.78065,6.453991516154341
1.7807400000000002,6.453983763804812
1.7808300000000001,6.453973317877444
1.78092,6.453986650238142
1.7810100000000002,6.454014785850901
1.7811000000000001,6.454044034513607
1.78119,6.454037589751339
1.7812800000000002,6.454012281164588
1.7813700000000001,6.454036499339189
1.78146,6.4540504367681235
1.7815500000000002,6.454063451444172
1.7816400000000001,6.454077504658124
1.78173,6.454069378486671
1.7818200000000002,6.454080613376461
1.78191,6.454097050192449
1.782,6.454109661720272
1.7820900000000002,6.454122567705962
1.78218,6.454123847342363
1.78227,6.454110664868459
1.7823600000000002,6.454120669206407
1.78245,6.454148955713855
1.78254,6.454144731758085
1.7826300000000002,6.4541600726182855
1.78272,6.45416584458661
1.78281,6.45417149588399
1.7829000000000002,6.454204152747324
1.78299,6.45418329150878
1.7830800000000002,6.4541953798143314
1.7831700000000001,6.454224719639545
1.78326,6.454219313000005
1.7833500000000002,6.454236043820141
1.7834400000000001,6.454223743926552
1.78353,6.454219181493566
1.7836200000000002,6.454246938537809
1.7837100000000001,6.454258854950838
1.7838,6.4542708773277075
1.7838900000000002,6.454277901204952
1.7839800000000001,6.454286597274994
1.78407,6.454302429501581
1.7841600000000002,6.454294436648165
1.7842500000000001,6.4543046237076815
1.78434,6.454324319415118
1.7844300000000002,6.45433038872937
1.78452,6.454345396004865
1.78461,6.4543432378825445
1.7847000000000002,6.454338170199667
1.78479,6.454351813397574
1.78488,6.454373782997284
1.7849700000000002,6.454381014595468
1.78506,6.454386125920566
1.78515,6.454381766573234
1.7852400000000002,6.4543748133014835
1.78533,6.454424205033042
1.78542,6.454433030946236
1.7855100000000002,6.454420789045345
1.7856,6.454433206046189
1.7856900000000002,6.454423502656378
1.7857800000000001,6.454446483502966
1.78587,6.454471992792665
1.7859600000000002,6.454474156629814
1.7860500000000001,6.454478669587198
1.78614,6.454477943440807
1.7862300000000002,6.454493636393427
1.7863200000000001,6.4545036538386755
1.78641,6.454492680608434
1.7865000000000002,6.454520037391612
1.7865900000000001,6.4545323149985645
1.78668,6.4545172595328
1.7867700000000002,6.454515767386462
1.7868600000000001,6.454549925822059
1.78695,6.4545705813161165
1.7870400000000002,6.454575673782011
1.78713,6.454576609055405
1.78722,6.454576160531119
1.7873100000000002,6.454589600052237
1.7874,6.45459753025736
1.78749,6.454601808553542
1.7875800000000002,6.454613298421407
1.78767,6.4546185881877935
1.78776,6.45462828407745
1.7878500000000002,6.454642332082085
1.78794,6.454653642202685
1.78803,6.454663011329856
1.7881200000000002,6.454678430061507
1.78821,6.454687467242837
1.7883000000000002,6.454675512856117
1.7883900000000001,6.454663249310209
1.78848,6.45470415315384
1.7885700000000002,6.454724467487363
1.7886600000000001,6.454711416360395
1.78875,6.45471287408164
1.7888400000000002,6.4547385645457
1.7889300000000001,6.4547564972515925
1.78902,6.454752006507234
1.7891100000000002,6.4547458202225725
1.7892000000000001,6.454765795523569
1.78929,6.45478998690448
1.7893800000000002,6.454782105813497
1.7894700000000001,6.454769308167812
1.78956,6.454793171236126
1.7896500000000002,6.454811698157762
1.78974,6.454824063353862
1.78983,6.454825587152255
1.7899200000000002,6.454822825279072
1.79001,6.4548415734513505
1.7901,6.454849070324498
1.7901900000000002,6.454865670099158
1.79028,6.454881729307258
1.79037,6.454860177053626
1.7904600000000002,6.454870451245405
1.79055,6.454889616786465
1.79064,6.454889210465395
1.7907300000000002,6.454888494727684
1.79082,6.454912433573031
1.79091,6.454902859933158
1.7910000000000001,6.45491485031849
1.79109,6.454968250970095
1.7911800000000002,6.454952391460017
1.7912700000000001,6.45492672983126
1.79136,6.454950050344536
1.7914500000000002,6.454987970922145
1.7915400000000001,6.454983226799937
1.79163,6.454998900179091
1.7917200000000002,6.455001214400803
1.7918100000000001,6.454985394957261
1.7919,6.454994380819588
1.7919900000000002,6.455032223625923
1.7920800000000001,6.45504388067474
1.79217,6.455041307606284
1.7922600000000002,6.4550454583444745
1.79235,6.455040902328335
1.79244,6.455069502017157
1.7925300000000002,6.455079832025049
1.79262,6.45505800592893
1.79271,6.455062704757754
1.7928000000000002,6.4550986130192465
1.79289,6.455116106540366
1.79298,6.455103321465671
1.7930700000000002,6.455097263394807
1.79316,6.455122877285999
1.79325,6.45512594737214
1.7933400000000002,6.455130162851515
1.79343,6.455156520803198
1.79352,6.455161167610532
1.7936100000000001,6.455151218974134
1.7937,6.455169089493678
1.7937900000000002,6.455198872852017
1.7938800000000001,6.455195170841003
1.79397,6.455193219012607
1.7940600000000002,6.455204118646354
1.7941500000000001,6.455217083784516
1.79424,6.455225293665237
1.7943300000000002,6.455234688003165
1.7944200000000001,6.455231728130786
1.79451,6.455229357421078
1.7946000000000002,6.4552436170430125
1.7946900000000001,6.455266690795386
1.79478,6.455277688724929
1.7948700000000002,6.4552672941606595
1.79496,6.455274137357285
1.79505,6.455313097632509
1.7951400000000002,6.455300532406444
1.79523,6.455299421450303
1.79532,6.455322744125321
1.7954100000000002,6.455335153011314
1.7955,6.45533819886479
1.79559,6.45533347515108
1.7956800000000002,6.455337704529519
1.79577,6.45535145363363
1.79586,6.455360965508875
1.7959500000000002,6.455384565545262
1.79604,6.455400341809939
1.79613,6.455398923992301
1.7962200000000001,6.455395420309566
1.79631,6.455397100142527
1.7964000000000002,6.455407058774557
1.7964900000000001,6.455425601146588
1.79658,6.455441153176279
1.7966700000000002,6.455439107069822
1.7967600000000001,6.455443491591846
1.79685,6.455452351061108
1.7969400000000002,6.455470968477468
1.7970300000000001,6.455497782236728
1.79712,6.45547183783336
1.7972100000000002,6.455483595534261
1.7973000000000001,6.45551089835637
1.79739,6.455490778905033
1.7974800000000002,6.455518596317204
1.7975700000000001,6.455518875598204
1.79766,6.455511503587465
1.7977500000000002,6.455536452126797
1.79784,6.455547715783127
1.79793,6.455561788321687
1.7980200000000002,6.455559648417275
1.79811,6.455548329073561
1.7982,6.455568691724306
1.7982900000000002,6.455605831653488
1.79838,6.455598120437525
1.79847,6.455579169569202
1.7985600000000002,6.455604333851212
1.79865,6.455622097404744
1.79874,6.455625290968972
1.7988300000000002,6.455630599624625
1.79892,6.455638061722022
1.7990100000000002,6.455638873033138
1.7991000000000001,6.455671571265854
1.79919,6.455674759512655
1.7992800000000002,6.455656679892175
1.7993700000000001,6.455684031323445
1.79946,6.45569728142175
1.7995500000000002,6.455710621120633
1.7996400000000001,6.455711507724694
1.79973,6.455695716900781
1.7998200000000002,6.455718911770626
1.7999100000000001,6.455731065442818
1.8,6.455740532419046
1.8000900000000002,6.4557547114046665
1.8001800000000001,6.45574421546901
1.80027,6.455753200197356
1.8003600000000002,6.455775268512877
1.80045,6.455787607641465
1.80054,6.45578685631972
1.8006300000000002,6.455784629665716
1.80072,6.455786687259313
1.80081,6.455800209715192
1.8009000000000002,6.455816215025254
1.80099,6.455814304855071
1.80108,6.4558330855470825
1.8011700000000002,6.45583971833478
1.80126,6.455837025085754
1.80135,6.455872595042868
1.8014400000000002,6.4558660716014895
1.80153,6.455853295647637
1.8016200000000002,6.4558759298421595
1.8017100000000001,6.455908563651049
1.8018,6.455905027828443
1.8018900000000002,6.455899898771342
1.8019800000000001,6.455905509154563
1.80207,6.455918731367674
1.8021600000000002,6.455946530947344
1.8022500000000001,6.4559457730029415
1.80234,6.455931686045
1.8024300000000002,6.455932140984381
1.8025200000000001,6.455950400960165
1.80261,6.4559873905697165
1.8027000000000002,6.455987365202501
1.8027900000000001,6.455971224729257
1.80288,6.455985015183233
1.8029700000000002,6.455983431280595
1.80306,6.456015440713755
1.80315,6.456036904578482
1.8032400000000002,6.456017128270004
1.80333,6.456029111141454
1.80342,6.456044895536654
1.8035100000000002,6.456051739273845
1.8036,6.456051849063158
1.80369,6.456052238894614
1.8037800000000002,6.456073326533908
1.80387,6.456085347060928
1.80396,6.456080876078642
1.8040500000000002,6.4560874909424975
1.80414,6.456115799909772
1.8042300000000002,6.45611161448773
1.8043200000000001,6.456109449789493
1.80441,6.456134592203786
1.8045000000000002,6.456134288408787
1.8045900000000001,6.456132048151988
1.80468,6.456156366036506
1.8047700000000002,6.456184272473563
1.8048600000000001,6.456176486034517
1.80495,6.456165130583378
1.8050400000000002,6.456184290663597
1.8051300000000001,6.456201216048189
1.80522,6.456191102858944
1.8053100000000002,6.456208197407966
1.8054000000000001,6.456228782756847
1.80549,6.456221266921526
1.8055800000000002,6.456212014916969
1.80567,6.456245882051996
1.80576,6.456251608559167
1.8058500000000002,6.4562499030300495
1.80594,6.456250119479132
1.80603,6.456245848627821
1.8061200000000002,6.456295259733675
1.80621,6.456295233057782
1.8063,6.45627244942192
1.8063900000000002,6.456300494744379
1.80648,6.4563190419820256
1.80657,6.456327773810307
1.8066600000000002,6.456337403825987
1.80675,6.456343545318913
1.8068400000000002,6.456337485815339
1.8069300000000001,6.456337535852255
1.80702,6.45636725924
1.8071100000000002,6.456386736575027
1.8072000000000001,6.456359624713386
1.80729,6.4563622627589945
1.8073800000000002,6.456395739873224
1.8074700000000001,6.456417713292967
1.80756,6.456413602767062
1.8076500000000002,6.456414358012567
1.8077400000000001,6.456408250893764
1.80783,6.456421440740446
1.8079200000000002,6.456452200340524
1.8080100000000001,6.456459123212245
1.8081,6.456459377530539
1.8081900000000002,6.456459704422178
1.80828,6.456456389295751
1.80837,6.4564635625051405
1.8084600000000002,6.456506399071187
1.80855,6.456498587855034
1.80864,6.456479454305812
1.8087300000000002,6.456502886606056
1.80882,6.456514155192786
1.80891,6.456541449384785
1.8090000000000002,6.456553203023829
1.80909,6.4565404538647835
1.80918,6.456543090860389
1.8092700000000002,6.456551945844757
1.80936,6.456575302569747
1.8094500000000002,6.456581407798371
1.8095400000000001,6.456563059216727
1.80963,6.456596731053036
1.8097200000000002,6.456605554193515
1.8098100000000001,6.456613984768656
1.8099,6.456638201318343
1.8099900000000002,6.456608593345816
1.8100800000000001,6.45661814197264
1.81017,6.456645712545372
1.8102600000000002,6.456653089405013
1.8103500000000001,6.456655654310421
1.81044,6.456656340490245
1.8105300000000002,6.456652423178646
1.8106200000000001,6.456663636776562
1.81071,6.456689642240085
1.8108000000000002,6.456685313534493
1.81089,6.456693523625969
1.81098,6.4567058441550955
1.8110700000000002,6.45671470998558
1.81116,6.45674289015716
1.81125,6.456733110753511
1.8113400000000002,6.456730895018031
1.81143,6.456751816242426
1.81152,6.456754088601214
1.8116100000000002,6.456755930196799
1.8117,6.456770005542145
1.81179,6.456780278606735
1.8118800000000002,6.456777150235904
1.81197,6.456787140259799
1.81206,6.456815168365135
1.8121500000000001,6.456824308989853
1.81224,6.456810736120782
1.8123300000000002,6.456819512940051
1.8124200000000001,6.456840990959518
1.81251,6.456844369670603
1.8126000000000002,6.4568418052990175
1.8126900000000001,6.45686230835858
1.81278,6.45687735970642
1.8128700000000002,6.456871157553959
1.8129600000000001,6.456876583749688
1.81305,6.456903023329683
1.8131400000000002,6.456899338831917
1.8132300000000001,6.4568989844672835
1.81332,6.456912577721837
1.8134100000000002,6.456925292614567
1.8135000000000001,6.4569284818022705
1.81359,6.456931930105615
1.8136800000000002,6.456938333339045
1.81377,6.456943466927451
1.81386,6.456951699426919
1.8139500000000002,6.4569785975822365
1.81404,6.456992672652362
1.81413,6.4569863123003834
1.8142200000000002,6.456982563583525
1.81431,6.456996309417043
1.8144,6.457000009032948
1.8144900000000002,6.457003486458207
1.81458,6.457025858279992
1.81467,6.457050251410297
1.8147600000000002,6.457031913639835
1.81485,6.4570369587581276
1.8149400000000002,6.457060423854843
1.8150300000000001,6.457052444455488
1.81512,6.457060530491457
1.8152100000000002,6.457091962003497
1.8153000000000001,6.4570973157139315
1.81539,6.457072382446999
1.8154800000000002,6.457087281330648
1.8155700000000001,6.45711810720011
1.81566,6.457134388175461
1.8157500000000002,6.45713687419962
1.8158400000000001,6.457136913547218
1.81593,6.457120278874206
1.8160200000000002,6.457131312214417
1.8161100000000001,6.457158568572039
1.8162,6.45715853839679
1.8162900000000002,6.4571515529970664
1.81638,6.457171602395392
1.81647,6.45719688278459
1.8165600000000002,6.457197286982209
1.81665,6.457189183428269
1.81674,6.4572064759279515
1.8168300000000002,6.457217357960541
1.81692,6.457222887295437
1.81701,6.4572479335186665
1.8171000000000002,6.4572392116419275
1.81719,6.457246443494466
1.81728,6.457270588237653
1.8173700000000002,6.45727384168373
1.81746,6.457274037394844
1.8175500000000002,6.457293009629059
1.8176400000000001,6.457288811657009
1.81773,6.457274802845937
1.8178200000000002,6.457318711717977
1.8179100000000001,6.457321381589734
1.818,6.4573247460519525
1.8180900000000002,6.457339898552028
1.8181800000000001,6.457330121571257
1.81827,6.457358056155166
1.8183600000000002,6.457359584193532
1.8184500000000001,6.457338758138725
1.81854,6.457344419027618
1.8186300000000002,6.457361263153365
1.8187200000000001,6.457381512066241
1.81881,6.45739300644004
1.8189000000000002,6.457395781733946
1.81899,6.45740353552105
1.81908,6.457411723215763
1.8191700000000002,6.457413470127014
1.81926,6.457417783378631
1.81935,6.4574288604872745
1.8194400000000002,6.457426427742496
1.81953,6.457452937760334
1.81962,6.457472628838624
1.8197100000000002,6.457459889605275
1.8198,6.457477282189897
1.81989,6.457474305020399
1.8199800000000002,6.457474287382277
1.82007,6.457499435855491
1.8201600000000002,6.457516869056642
1.8202500000000001,6.4575211584223835
1.82034,6.457519565828578
1.8204300000000002,6.457524810561169
1.8205200000000001,6.457535363632517
1.82061,6.457532328509908
1.8207000000000002,6.457554293779893
1.8207900000000001,6.457571343516094
1.82088,6.457564257768276
1.8209700000000002,6.4575829800745685
1.8210600000000001,6.45758196150709
1.82115,6.457572042178262
1.8212400000000002,6.457586541267839
1.8213300000000001,6.457617702210295
1.82142,6.457618516860426
1.8215100000000002,6.457617616555998
1.8216,6.457619526528888
1.82169,6.457616140084815
1.8217800000000002,6.457641982972614
1.82187,6.457653629490975
1.82196,6.457660763346038
1.8220500000000002,6.457672095672109
1.82214,6.45765932652028
1.82223,6.457682740188303
1.8223200000000002,6.457713597750552
1.82241,6.45771363612548
1.8225,6.4577011154297645
1.8225900000000002,6.457711566396158
1.82268,6.457730328729724
1.8227700000000002,6.457734587801983
1.8228600000000001,6.4577325016837035
1.82295,6.4577515489109425
1.8230400000000002,6.457748187781292
1.8231300000000001,6.457743122417523
1.82322,6.457762400746226
1.8233100000000002,6.457775816667552
1.8234000000000001,6.457772137789668
1.82349,6.457792976480566
1.8235800000000002,6.457815836528925
1.8236700000000001,6.457791552135934
1.82376,6.457790819626239
1.8238500000000002,6.457823521714569
1.8239400000000001,6.457838234270495
1.82403,6.457825473031772
1.8241200000000002,6.457852691492123
1.82421,6.457859438972474
1.8243,6.457855988959296
1.8243900000000002,6.457867647229555
1.82448,6.457871236718424
1.82457,6.457871091042698
1.8246600000000002,6.4578929278269595
1.82475,6.457912696496415
1.82484,6.457897389541086
1.8249300000000002,6.457899604225773
1.82502,6.457930730135425
1.82511,6.457953967865059
1.8252000000000002,6.457944260000347
1.82529,6.45792900393761
1.8253800000000002,6.457929840315341
1.8254700000000001,6.457960024399175
1.82556,6.457992864768138
1.8256500000000002,6.4579910569267716
1.8257400000000001,6.457994886269895
1.82583,6.457988571022634
1.8259200000000002,6.457985621827059
1.8260100000000001,6.458011109094688
1.8261,6.458018475591229
1.8261900000000002,6.4580059231409335
1.8262800000000001,6.458006708642554
1.82637,6.4580254791439815
1.8264600000000002,6.458030434666166
1.8265500000000001,6.458063332742457
1.82664,6.458068386765151
1.8267300000000002,6.458050230158057
1.82682,6.458082942476844
1.82691,6.458090355331274
1.8270000000000002,6.458092140179155
1.82709,6.458095777682728
1.82718,6.458096671196348
1.8272700000000002,6.458133573048127
1.82736,6.458124886023616
1.82745,6.458108557288648
1.8275400000000002,6.458126939454785
1.82763,6.458122153690812
1.82772,6.4581488727534415
1.8278100000000002,6.458186146434523
1.8279,6.458183287150953
1.8279900000000002,6.458153452797499
1.8280800000000001,6.458180016435658
1.82817,6.45818986694167
1.8282600000000002,6.458184353955038
1.8283500000000001,6.458208603844703
1.82844,6.4582092632566335
1.8285300000000002,6.458221504530364
1.8286200000000001,6.458241482022138
1.82871,6.458246926832723
1.8288000000000002,6.45824641389111
1.8288900000000001,6.4582485083678165
1.82898,6.45825823842044
1.8290700000000002,6.458267646580809
1.8291600000000001,6.458268277993196
1.82925,6.458273413324803
1.8293400000000002,6.458278557263961
1.8294300000000001,6.458293749530505
1.82952,6.458316608401127
1.8296100000000002,6.458313552446074
1.8297,6.458318974723852
1.82979,6.458330939886637
1.8298800000000002,6.458338194969365
1.82997,6.458345647729726
1.83006,6.458331228588371
1.8301500000000002,6.458348593267354
1.83024,6.458384341454364
1.83033,6.458377174668653
1.8304200000000002,6.458374187017902
1.83051,6.458400002645911
1.8306,6.458407066747478
1.8306900000000002,6.458385010287273
1.83078,6.458412533090728
1.8308700000000002,6.458424604966946
1.8309600000000001,6.45843470725773
1.83105,6.458454411624893
1.8311400000000002,6.458445845778739
1.8312300000000001,6.458448494760802
1.83132,6.458444287779483
1.8314100000000002,6.45844322535336
1.8315000000000001,6.4584714022399
1.83159,6.458485990371184
1.8316800000000002,6.458483681680137
1.8317700000000001,6.4584969497580005
1.83186,6.458524213453558
1.8319500000000002,6.458516415392631
1.8320400000000001,6.458512111568426
1.83213,6.458515448354925
1.8322200000000002,6.458526556160117
1.83231,6.458550987009244
1.8324,6.458546009623761
1.8324900000000002,6.458551354787011
1.83258,6.458568644058493
1.83267,6.458573712669508
1.8327600000000002,6.458598905862032
1.83285,6.458594307490614
1.83294,6.458586671559597
1.8330300000000002,6.458606452412179
1.83312,6.458613250139188
1.83321,6.458636037808726
1.8333000000000002,6.45863295973132
1.83339,6.4586108624037974
1.8334800000000002,6.458632449866572
1.8335700000000001,6.458654230393346
1.83366,6.458667728923426
1.8337500000000002,6.458665865839833
1.8338400000000001,6.458659619895157
1.83393,6.458692011404858
1.8340200000000002,6.458692889153011
1.8341100000000001,6.4586788568117806
1.8342,6.458698183964809
1.8342900000000002,6.458727123920481
1.8343800000000001,6.458719737484288
1.83447,6.458711439639434
1.8345600000000002,6.458726354183137
1.8346500000000001,6.458744594910613
1.83474,6.4587642885220955
1.8348300000000002,6.458752238305126
1.83492,6.458752874277349
1.83501,6.458790355589538
1.8351000000000002,6.458772136079089
1.83519,6.458767631358685
1.83528,6.458793237261923
1.8353700000000002,6.45881403429886
1.83546,6.458820323173268
1.83555,6.458835683139066
1.8356400000000002,6.458836763509285
1.83573,6.4588317719962225
1.83582,6.458849429000266
1.8359100000000002,6.458854902334033
1.836,6.458874657653129
1.8360900000000002,6.458874728780899
1.8361800000000001,6.458845414514034
1.83627,6.458873104541337
1.8363600000000002,6.458874518867871
1.8364500000000001,6.458885221348591
1.83654,6.45892738964967
1.8366300000000002,6.458927533929707
1.8367200000000001,6.458917573332949
1.83681,6.458926147841705
1.8369000000000002,6.4589280760799355
1.8369900000000001,6.45891136053131
1.83708,6.458947865514236
1.8371700000000002,6.458973544497754
1.8372600000000001,6.458966087008935
1.83735,6.458962182844785
1.8374400000000002,6.458978909054141
1.83753,6.458994861303675
1.83762,6.459003235917965
1.8377100000000002,6.45901010297419
1.8378,6.459014572740091
1.83789,6.45900514986635
1.8379800000000002,6.4590185854094795
1.83807,6.459036196545876
1.83816,6.459028529213148
1.8382500000000002,6.45905530585463
1.83834,6.45906998690763
1.83843,6.45906390128187
1.8385200000000002,6.459066352117024
1.83861,6.459083305917683
1.8387000000000002,6.4591033281645025
1.8387900000000001,6.459103824882371
1.83888,6.459096903628896
1.8389700000000002,6.45911323946302
1.8390600000000001,6.459123970215331
1.83915,6.459116532668776
1.8392400000000002,6.459124339472401
1.8393300000000001,6.4591525789911595
1.83942,6.459132521620523
1.8395100000000002,6.45914127443825
1.8396000000000001,6.459162826482007
1.83969,6.459162922330079
1.8397800000000002,6.4591850457227995
1.8398700000000001,6.459201776537968
1.83996,6.459198308986857
1.8400500000000002,6.459193663648825
1.84014,6.45920514366301
1.84023,6.459205643177318
1.8403200000000002,6.4592169985714625
1.84041,6.45923978759574
1.8405,6.4592531526768555
1.8405900000000002,6.4592580807890245
1.84068,6.459254502419512
1.84077,6.459254863748865
1.8408600000000002,6.459269570754257
1.84095,6.459284958092732
1.84104,6.459268926294452
1.8411300000000002,6.4592768651447345
1.84122,6.459302624878284
1.8413100000000002,6.459294011064144
1.8414000000000001,6.459315493166303
1.84149,6.459341809705324
1.8415800000000002,6.459338948769616
1.8416700000000001,6.459323899611781
1.84176,6.45934195044344
1.8418500000000002,6.4593632542245425
1.8419400000000001,6.459378751048261
1.84203,6.459380908433534
1.8421200000000002,6.459362106362972
1.8422100000000001,6.4593824947874285
1.8423,6.459411980601197
1.8423900000000002,6.459420904248708
1.8424800000000001,6.459418213310101
1.84257,6.459405420320254
1.8426600000000002,6.459410480881581
1.84275,6.459434680876661
1.84284,6.459449442505673
1.8429300000000002,6.45943722559982
1.84302,6.459438118489058
1.84311,6.459471033239016
1.8432000000000002,6.459496220107417
1.84329,6.459472226041809
1.84338,6.45946895383117
1.8434700000000002,6.459486076124021
1.84356,6.459500237915162
1.84365,6.45951095068201
1.8437400000000002,6.459528403853754
1.84383,6.459528847058583
1.8439200000000002,6.459522164382317
1.8440100000000001,6.459532389924847
1.8441,6.459552165463566
1.8441900000000002,6.459559048529787
1.8442800000000001,6.45955997388663
1.84437,6.459567630328573
1.8444600000000002,6.459576727755421
1.8445500000000001,6.459577307396077
1.84464,6.459602626321989
1.8447300000000002,6.459620065133038
1.8448200000000001,6.459594273548604
1.84491,6.459602885456322
1.8450000000000002,6.459628979438913
1.8450900000000001,6.459628008136544
1.84518,6.459622437936905
1.8452700000000002,6.459670060254606
1.8453600000000001,6.459663668367894
1.84545,6.459659886967466
1.8455400000000002,6.4596838060541435
1.84563,6.459676048171075
1.84572,6.459701659139614
1.8458100000000002,6.459704660879716
1.8459,6.459691182920104
1.84599,6.459706194405379
1.8460800000000002,6.459709182108475
1.84617,6.459731806416431
1.84626,6.459754704868388
1.8463500000000002,6.459744608840614
1.84644,6.459724625628512
1.8465300000000002,6.4597414716527926
1.8466200000000002,6.459757225838365
1.84671,6.459768539675575
1.8468000000000002,6.459800838386932
1.8468900000000001,6.4597877113512565
1.84698,6.459797203103755
1.8470700000000002,6.459820429096438
1.8471600000000001,6.459805658504003
1.84725,6.459798919534812
1.8473400000000002,6.459819715483912
1.8474300000000001,6.4598437792490015
1.84752,6.459849416007443
1.8476100000000002,6.459848678817362
1.8477000000000001,6.459859120111274
1.84779,6.459865281674216
1.8478800000000002,6.4598697671291765
1.8479700000000001,6.459885332215303
1.84806,6.459884494666439
1.8481500000000002,6.459886611044814
1.84824,6.459899981150613
1.84833,6.4599138890911245
1.8484200000000002,6.459922885353811
1.84851,6.459925301289211
1.8486,6.45992830939225
1.8486900000000002,6.459939294811356
1.84878,6.459955141736064
1.84887,6.459962164018963
1.8489600000000002,6.459968711284402
1.84905,6.459979512219303
1.84914,6.459986562423202
1.8492300000000002,6.45998468116553
1.84932,6.459979924000819
1.8494100000000002,6.459997303467038
1.8495000000000001,6.460032111623571
1.84959,6.460032316912006
1.8496800000000002,6.460007142325458
1.8497700000000001,6.460012623949609
1.84986,6.460050013575834
1.8499500000000002,6.460061641433815
1.8500400000000001,6.460059011981951
1.85013,6.460060771118727
1.8502200000000002,6.4600737439371905
1.8503100000000001,6.4600889262887735
1.8504,6.460089169769275
1.8504900000000002,6.460084446236516
1.8505800000000001,6.4601010678174
1.85067,6.460125736176627
1.8507600000000002,6.460113828751213
1.85085,6.460127600343203
1.85094,6.460144042265646
1.8510300000000002,6.46014577790403
1.85112,6.460155321006293
1.85121,6.460137153901856
1.8513000000000002,6.460152613318754
1.85139,6.460187466707531
1.85148,6.460186588532343
1.8515700000000002,6.460192431677789
1.85166,6.460195835772852
1.85175,6.460205753157307
1.8518400000000002,6.460226889438809
1.85193,6.460233796068525
1.8520200000000002,6.460229629025525
1.8521100000000001,6.460224584742779
1.8522,6.460229196515324
1.8522900000000002,6.4602469470094235
1.8523800000000001,6.460264564126206
1.85247,6.460268630615802
1.8525600000000002,6.4602640547390315
1.8526500000000001,6.4602653800605525
1.85274,6.46028001717299
1.8528300000000002,6.460314556665067
1.8529200000000001,6.460323679553866
1.85301,6.460308085193829
1.8531000000000002,6.460329773106388
1.8531900000000001,6.4603312592347555
1.85328,6.460321135606115
1.8533700000000002,6.4603268186065455
1.85346,6.460340740759086
1.85355,6.460343551289655
1.8536400000000002,6.460378014492325
1.85373,6.4604008463695
1.85382,6.460378574227323
1.8539100000000002,6.460396550789986
1.854,6.460401485054707
1.85409,6.460404116566521
1.8541800000000002,6.460419731120883
1.85427,6.460416831203146
1.85436,6.460427218100525
1.8544500000000002,6.460450127694967
1.85454,6.46044726972347
1.8546300000000002,6.460427037712743
1.8547200000000001,6.460482983287745
1.85481,6.460477459752976
1.8549000000000002,6.460449029772287
1.8549900000000001,6.460487848944868
1.85508,6.460498399536289
1.8551700000000002,6.46050078811935
1.8552600000000001,6.460500273236279
1.85535,6.4605042673936355
1.8554400000000002,6.460528556299186
1.8555300000000001,6.460530033739982
1.85562,6.460530780299537
1.8557100000000002,6.460544239227176
1.8558000000000001,6.460552604338224
1.85589,6.460554677354095
1.8559800000000002,6.460568564719716
1.85607,6.460578210042632
1.85616,6.4605781014321275
1.8562500000000002,6.46060264440935
1.85634,6.460624860146885
1.85643,6.460616151906478
1.8565200000000002,6.460599736919797
1.85661,6.460617280947624
1.8567,6.460631628365751
1.8567900000000002,6.4606354606082315
1.85688,6.4606414415341025
1.85697,6.460651308892459
1.8570600000000002,6.460651194834471
1.85715,6.460667195974819
1.8572400000000002,6.460679326144139
1.8573300000000001,6.4606731245556634
1.85742,6.460682007461308
1.8575100000000002,6.460690183822628
1.8576000000000001,6.460700458516916
1.85769,6.46071775481638
1.8577800000000002,6.460735255393525
1.8578700000000001,6.4607486221825035
1.85796,6.460736723506502
1.8580500000000002,6.460728703274505
1.8581400000000001,6.4607570924968165
1.85823,6.4607813525712015
1.8583200000000002,6.460787430191628
1.8584100000000001,6.460779304622336
1.8585,6.460777843473668
1.8585900000000002,6.4607968810242395
1.85868,6.46079311227025
1.85877,6.460814321671536
1.8588600000000002,6.46084001741343
1.85895,6.460812582512782
1.85904,6.460836508011731
1.8591300000000002,6.460852057402652
1.85922,6.460843945145646
1.85931,6.460847630534937
1.8594000000000002,6.4608481221701926
1.85949,6.46087906861973
1.85958,6.460901543143538
1.8596700000000002,6.460892687699075
1.85976,6.460893957692419
1.8598500000000002,6.460883799739733
1.8599400000000001,6.4608930970409135
1.86003,6.460930503293434
1.8601200000000002,6.460953551957392
1.8602100000000001,6.460936090549217
1.8603,6.460930091132815
1.8603900000000002,6.460940296332229
1.8604800000000001,6.4609509371336555
1.86057,6.460980747623573
1.8606600000000002,6.460977360728244
1.8607500000000001,6.460972505265547
1.86084,6.460993570276386
1.8609300000000002,6.461004304027727
1.8610200000000001,6.461008060878431
1.86111,6.461013037684878
1.8612000000000002,6.461024268012904
1.8612900000000001,6.461038940291642
1.86138,6.461046301831202
1.8614700000000002,6.461055548912412
1.86156,6.461057758554433
1.86165,6.461049720144102
1.8617400000000002,6.461055020723358
1.86183,6.461065419288933
1.86192,6.4610853232537755
1.8620100000000002,6.461105709537561
1.8621,6.461106215511618
1.86219,6.461107518849823
1.8622800000000002,6.461103221214996
1.86237,6.46111266449405
1.8624600000000002,6.461141707576403
1.8625500000000001,6.461130043291733
1.86264,6.46114244221087
1.8627300000000002,6.46116713562123
1.8628200000000001,6.461166545937289
1.86291,6.461171481999486
1.8630000000000002,6.461179133877112
1.8630900000000001,6.461197731949664
1.86318,6.46121570363691
1.8632700000000002,6.461206308669507
1.8633600000000001,6.461191303271501
1.86345,6.461210729547245
1.8635400000000002,6.461240978707105
1.8636300000000001,6.4612424658443555
1.86372,6.461244813706506
1.8638100000000002,6.461246064070235
1.8639000000000001,6.461257102317369
1.86399,6.461277047726773
1.8640800000000002,6.4612807758506685
1.86417,6.4612852742793425
1.86426,6.461295066083744
1.8643500000000002,6.4612982212212575
1.86444,6.461289974080742
1.86453,6.461292223159762
1.8646200000000002,6.461302290359799
1.86471,6.461325755819554
1.8648,6.461356229839284
1.8648900000000002,6.46135513381645
1.86498,6.461345671590333
1.8650700000000002,6.461352629613437
1.8651600000000002,6.461375452932718
1.86525,6.4613952502255145
1.8653400000000002,6.461401219625215
1.8654300000000001,6.461393841759804
1.86552,6.461386188453237
1.8656100000000002,6.461391581152377
1.8657000000000001,6.461405255255009
1.86579,6.461420464581738
1.8658800000000002,6.461434959980725
1.8659700000000001,6.461444138620043
1.86606,6.461441734947048
1.8661500000000002,6.461449113409879
1.8662400000000001,6.461465782140486
1.86633,6.461473818145634
1.8664200000000002,6.46146909571774
1.8665100000000001,6.461481945722169
1.8666,6.461501394909537
1.8666900000000002,6.461509395924962
1.86678,6.461509969756771
1.86687,6.461521085340251
1.8669600000000002,6.461538806402816
1.86705,6.461545397161741
1.86714,6.461540902583033
1.8672300000000002,6.461550433675213
1.86732,6.461562932112768
1.86741,6.461566910116926
1.8675000000000002,6.461562162638139
1.86759,6.461561453488024
1.86768,6.461583065172941
1.8677700000000002,6.461592205686521
1.86786,6.4616002344965775
1.8679500000000002,6.461630403477877
1.8680400000000001,6.461626245468246
1.86813,6.4616286947220205
1.8682200000000002,6.461636716330889
1.8683100000000001,6.4616376486837614
1.8684,6.461661690022266
1.8684900000000002,6.46167760529074
1.8685800000000001,6.461666457936791
1.86867,6.461653734254612
1.8687600000000002,6.461673433008965
1.8688500000000001,6.461695289138955
1.86894,6.461696442829897
1.8690300000000002,6.46169954128411
1.8691200000000001,6.461729995228863
1.86921,6.461754612917796
1.8693000000000002,6.461742445907349
1.86939,6.461731417254469
1.86948,6.461744420513751
1.8695700000000002,6.461746981596722
1.86966,6.461777828364372
1.86975,6.4617719840004835
1.8698400000000002,6.461749304234894
1.86993,6.461790516963547
1.87002,6.461779620336264
1.8701100000000002,6.461791534266196
1.8702,6.461823410838735
1.87029,6.461814277137484
1.8703800000000002,6.461821082080363
1.87047,6.461832153912299
1.8705600000000002,6.461845337600557
1.8706500000000001,6.461856124443428
1.87074,6.4618515662622835
1.8708300000000002,6.461875294832259
1.8709200000000001,6.461886396618421
1.87101,6.461875843221049
1.8711000000000002,6.461890847237788
1.8711900000000001,6.461917214474674
1.87128,6.461913011064779
1.8713700000000002,6.461902233833196
1.8714600000000001,6.461920017810028
1.87155,6.461930562135939
1.8716400000000002,6.4619319203388095
1.8717300000000001,6.461946336578987
1.87182,6.461969847192223
1.8719100000000002,6.4619673574523695
1.872,6.461948983222662
1.87209,6.461970456809017
1.8721800000000002,6.462007306239325
1.87227,6.461997203571228
1.87236,6.46199424826122
1.8724500000000002,6.462011462898293
1.87254,6.462029967930521
1.87263,6.462030790545397
1.8727200000000002,6.462019891079391
1.87281,6.462033273312448
1.8729,6.46205220900412
1.8729900000000002,6.462050130053431
1.87308,6.4620468515536365
1.8731700000000002,6.462081798285311
1.8732600000000001,6.462096450211841
1.87335,6.462086606828914
1.8734400000000002,6.46210056918061
1.8735300000000001,6.46211074581791
1.87362,6.462111427139404
1.8737100000000002,6.462112899754482
1.8738000000000001,6.462124533608894
1.87389,6.4621447526813
1.8739800000000002,6.4621610802873946
1.8740700000000001,6.46215958911955
1.87416,6.4621510933580275
1.8742500000000002,6.462163080760063
1.8743400000000001,6.46218801781424
1.87443,6.4621907255653745
1.8745200000000002,6.462174041618744
1.87461,6.462176773906862
1.8747,6.46221202339637
1.8747900000000002,6.462231839123725
1.87488,6.462236253017072
1.87497,6.46223927454631
1.8750600000000002,6.462230954379204
1.87515,6.462257900942202
1.87524,6.462263310799365
1.8753300000000002,6.46224746569355
1.87542,6.462275377653443
1.87551,6.462270814779304
1.8756000000000002,6.4622730712309755
1.87569,6.462293590753646
1.8757800000000002,6.462303161812042
1.8758700000000001,6.462317760294885
1.87596,6.462324314209755
1.8760500000000002,6.462326538439132
1.8761400000000001,6.462332608017203
1.87623,6.4623386736609625
1.8763200000000002,6.46235652255006
1.8764100000000001,6.46238091379891
1.8765,6.4623970052391115
1.8765900000000002,6.462395693569842
1.8766800000000001,6.462381916807886
1.87677,6.462371091997633
1.8768600000000002,6.462386123259642
1.8769500000000001,6.462416686048903
1.87704,6.462415524785831
1.8771300000000002,6.462437111422134
1.87722,6.462448737482831
1.87731,6.462434814308301
1.8774000000000002,6.462454142483882
1.87749,6.462452222915732
1.87758,6.462462064241148
1.8776700000000002,6.462477763513193
1.87776,6.46246308012096
1.87785,6.4624897561261685
1.8779400000000002,6.4625048025085094
1.87803,6.462511218154889
1.87812,6.462534634100233
1.8782100000000002,6.462526961887933
1.8783,6.4625181293529055
1.8783900000000002,6.4625234557416285
1.8784800000000001,6.4625345046627425
1.87857,6.462545504731661
1.8786600000000002,6.462563252918602
1.8787500000000001,6.462566103903316
1.87884,6.462570570920426
1.8789300000000002,6.462600666203703
1.8790200000000001,6.462607472953501
1.87911,6.46261120556982
1.8792000000000002,6.462619526082523
1.8792900000000001,6.462623819627883
1.87938,6.462629938018353
1.8794700000000002,6.462632002992429
1.8795600000000001,6.4626381873895
1.87965,6.4626562072553915
1.8797400000000002,6.4626740423126705
1.8798300000000001,6.462667197808799
1.87992,6.462663243412246
1.8800100000000002,6.462665768527042
1.8801,6.462664478415444
1.88019,6.46269112608447
1.8802800000000002,6.462714249438911
1.88037,6.462729595251736
1.88046,6.462740019394747
1.8805500000000002,6.46272722464943
1.88064,6.4627304370037155
1.88073,6.462751731299426
1.8808200000000002,6.46276767144978
1.88091,6.462768977722582
1.8810000000000002,6.462776099875337
1.8810900000000002,6.46279235280448
1.88118,6.462802879577736
1.8812700000000002,6.462804142676749
1.8813600000000001,6.462816003198175
1.88145,6.462804665401506
1.8815400000000002,6.462793273721906
1.8816300000000001,6.46281384153525
1.88172,6.4628429126892035
1.8818100000000002,6.462860025914284
1.8819000000000001,6.462855155915209
1.88199,6.462853905601952
1.8820800000000002,6.462883847720621
1.8821700000000001,6.4629011432495815
1.88226,6.462885646024872
1.8823500000000002,6.4628687172521655
1.8824400000000001,6.462885232587618
1.88253,6.462918439971364
1.8826200000000002,6.462946014407119
1.88271,6.462941501433739
1.8828,6.462913681534382
1.8828900000000002,6.462912855521842
1.88298,6.462951206692656
1.88307,6.462970021532529
1.8831600000000002,6.462964373417819
1.88325,6.462977854739205
1.88334,6.462978824913073
1.8834300000000002,6.462982494836324
1.88352,6.463005205463843
1.8836100000000002,6.463029758435666
1.8837000000000002,6.463024551938204
1.88379,6.46302104363811
1.8838800000000002,6.463031402659327
1.8839700000000001,6.463053434045578
1.88406,6.463075667658878
1.8841500000000002,6.463051049355208
1.8842400000000001,6.463050113057265
1.88433,6.46308421304918
1.8844200000000002,6.463089318929896
1.8845100000000001,6.463082226629341
1.8846,6.4630868623978515
1.8846900000000002,6.463105070390121
1.8847800000000001,6.4631167868552275
1.88487,6.463108292318109
1.8849600000000002,6.4631217635758444
1.8850500000000001,6.463147692220438
1.88514,6.463159836079773
1.8852300000000002,6.4631613984473315
1.88532,6.46316581676709
1.88541,6.463169607644356
1.8855000000000002,6.46317905184759
1.88559,6.463196193195875
1.88568,6.463194541190558
1.8857700000000002,6.463206646028461
1.88586,6.463217797717207
1.88595,6.463209484358636
1.8860400000000002,6.463218572448398
1.88613,6.463239643309107
1.8862200000000002,6.463244967868303
1.8863100000000002,6.463246270405477
1.8864,6.4632747876195635
1.8864900000000002,6.4632852712159305
1.8865800000000001,6.463289630798165
1.88667,6.463290567136692
1.8867600000000002,6.463284142489185
1.8868500000000001,6.463301371323145
1.88694,6.463305494317232
1.8870300000000002,6.463310304874222
1.8871200000000001,6.463328172343258
1.88721,6.463324023286524
1.8873000000000002,6.4633384090862345
1.8873900000000001,6.4633551344078235
1.88748,6.463358746756738
1.8875700000000002,6.463365523483647
1.8876600000000001,6.46336961843376
1.88775,6.463388481912712
1.8878400000000002,6.463407722821173
1.88793,6.463402073895052
1.88802,6.463394511285756
1.8881100000000002,6.463416439128457
1.8882,6.463433600105586
1.88829,6.463428639027955
1.8883800000000002,6.463444255665424
1.88847,6.463455639245466
1.88856,6.46344986674165
1.8886500000000002,6.463454577480006
1.88874,6.463486223732189
1.88883,6.463486880788838
1.8889200000000002,6.463495495755954
1.88901,6.463499111855058
1.8891000000000002,6.463484649678535
1.8891900000000001,6.4635251599556565
1.88928,6.463542974529999
1.8893700000000002,6.4635459061986875
1.8894600000000001,6.463558179669026
1.88955,6.463546717559106
1.8896400000000002,6.463544622738137
1.8897300000000001,6.463563108807007
1.88982,6.463572693088013
1.8899100000000002,6.463562566382537
1.8900000000000001,6.463593498114468
1.89009,6.463612746642341
1.8901800000000002,6.463602951675026
1.8902700000000001,6.463599275709138
1.89036,6.463614871873582
1.8904500000000002,6.463625138442714
1.89054,6.463641557587225
1.89063,6.463652744478934
1.8907200000000002,6.463629871296105
1.89081,6.4636495007558405
1.8909,6.463681203448055
1.8909900000000002,6.46368818519014
1.89108,6.463685521814199
1.89117,6.463692360928807
1.8912600000000002,6.46369540034312
1.89135,6.46371288362846
1.89144,6.463733914106712
1.8915300000000002,6.463705924007494
1.89162,6.463739127104697
1.8917100000000002,6.4637543454081765
1.8918000000000001,6.463728026937145
1.89189,6.4637676903531815
1.8919800000000002,6.463780010021015
1.8920700000000001,6.4637808710160645
1.89216,6.463796656781768
1.8922500000000002,6.463808125119737
1.8923400000000001,6.463802018427907
1.89243,6.463802016503733
1.8925200000000002,6.463804981917569
1.8926100000000001,6.463813659695868
1.8927,6.463850910986579
1.8927900000000002,6.463857243233268
1.8928800000000001,6.463844940047135
1.89297,6.463847895852965
1.8930600000000002,6.4638658211719795
1.89315,6.463885740362169
1.89324,6.463898875626843
1.8933300000000002,6.463897336082171
1.89342,6.4638922928704865
1.89351,6.4639153342477655
1.8936000000000002,6.463925904541005
1.89369,6.463913450455186
1.89378,6.46391549509419
1.8938700000000002,6.463956203780857
1.89396,6.463963375495236
1.89405,6.463947336284221
1.8941400000000002,6.463952839606233
1.89423,6.46398166851208
1.8943200000000002,6.463988385085326
1.8944100000000001,6.463996963148805
1.8945,6.464006270817598
1.8945900000000002,6.463998887169412
1.8946800000000001,6.464002652286015
1.89477,6.464030556765674
1.8948600000000002,6.464056428381244
1.8949500000000001,6.464059260696462
1.89504,6.464052453703837
1.8951300000000002,6.4640471766012375
1.8952200000000001,6.4640523821733575
1.89531,6.464068098339205
1.8954000000000002,6.464088463244106
1.8954900000000001,6.464108826860148
1.89558,6.464103533382867
1.8956700000000002,6.464095152935686
1.8957600000000001,6.464108565391402
1.89585,6.464115596655701
1.8959400000000002,6.464141760010397
1.89603,6.464149613880426
1.89612,6.464139126833419
1.8962100000000002,6.464169701383042
1.8963,6.464179458248032
1.89639,6.464184270416858
1.8964800000000002,6.464189427096788
1.89657,6.4641845063025185
1.89666,6.4642167075411265
1.8967500000000002,6.4642223766574345
1.89684,6.464192218955049
1.8969300000000002,6.4641886318737685
1.8970200000000002,6.464242016362208
1.89711,6.464262457447161
1.8972000000000002,6.464258617787534
1.8972900000000001,6.464259149660461
1.89738,6.46425250897908
1.8974700000000002,6.464275102622839
1.8975600000000001,6.464293770999725
1.89765,6.464295285314134
1.8977400000000002,6.4643014041442175
1.8978300000000001,6.464307823851698
1.89792,6.464319105116662
1.8980100000000002,6.464338309715261
1.8981000000000001,6.464349686989512
1.89819,6.464332888789129
1.8982800000000002,6.464327641052373
1.8983700000000001,6.464350630104632
1.89846,6.464370116041171
1.8985500000000002,6.46435993320488
1.89864,6.464378667891027
1.89873,6.464402440366625
1.8988200000000002,6.464405906770697
1.89891,6.464404264410482
1.899,6.464418124560696
1.8990900000000002,6.464426749625147
1.89918,6.464431986839123
1.89927,6.464442080418451
1.8993600000000002,6.464446778290858
1.89945,6.46445348765964
1.8995400000000002,6.464457338164458
1.8996300000000002,6.464465709511919
1.89972,6.464489746081686
1.8998100000000002,6.464500821830634
1.8999000000000001,6.464501349955645
1.89999,6.464505530263951
1.9000800000000002,6.464520550734026
1.9001700000000001,6.4645385678231815
1.90026,6.464531957061397
1.9003500000000002,6.4645279703479
1.9004400000000001,6.464545998349721
1.90053,6.464557129907572
1.9006200000000002,6.464573179379896
1.9007100000000001,6.464575470788895
1.9008,6.4645742603882725
1.9008900000000002,6.464602053551767
1.9009800000000001,6.464627015593896
1.90107,6.46461420839731
1.9011600000000002,6.464601135797665
1.90125,6.4646183884904325
1.90134,6.464616639369875
1.9014300000000002,6.46464585749881
1.90152,6.464655671023534
1.90161,6.464635407035915
1.9017000000000002,6.464668493707169
1.90179,6.464680983387604
1.90188,6.464690056523657
1.9019700000000002,6.464706103667909
1.90206,6.46470541905877
1.9021500000000002,6.464716311684704
1.9022400000000002,6.464725316517976
1.90233,6.464735433382628
1.9024200000000002,6.464753191783232
1.9025100000000001,6.464756137827157
1.9026,6.464746495241007
1.9026900000000002,6.464747627590957
1.9027800000000001,6.464753921983937
1.90287,6.464748136283392
1.9029600000000002,6.46478870114678
1.9030500000000001,6.464809679102039
1.90314,6.464807289125851
1.9032300000000002,6.464830263371267
1.9033200000000001,6.464821283991317
1.90341,6.464825205849411
1.9035000000000002,6.464828221894163
1.9035900000000001,6.4648240380024085
1.90368,6.464874248163988
1.9037700000000002,6.464877403693447
1.90386,6.464866125803596
1.90395,6.464884354172236
1.9040400000000002,6.46489290914275
1.90413,6.46489305123152
1.90422,6.464893694547613
1.9043100000000002,6.464910585344504
1.9044,6.464934205468636
1.90449,6.4649192858846245
1.9045800000000002,6.464929792069457
1.90467,6.464953935335304
1.9047600000000002,6.464960694899664
1.9048500000000002,6.4649807683917855
1.90494,6.4649810078234475
1.9050300000000002,6.464975456779739
1.9051200000000001,6.464991374975431
1.90521,6.465016380551965
1.9053000000000002,6.465009046997672
1.9053900000000001,6.465019036280546
1.90548,6.465041822133716
1.9055700000000002,6.465038004923419
1.9056600000000001,6.4650391317730636
1.90575,6.465041284101054
1.9058400000000002,6.46505773098385
1.9059300000000001,6.4650784847008484
1.90602,6.465065187566628
1.9061100000000002,6.465070861582248
1.9062000000000001,6.465085872380896
1.90629,6.465097168405369
1.9063800000000002,6.46511819272949
1.90647,6.465133177796425
1.90656,6.465137327924213
1.9066500000000002,6.465141449690089
1.90674,6.4651472293204995
1.90683,6.465141012177579
1.9069200000000002,6.465163182848688
1.90701,6.465182024297688
1.9071,6.4651806991381955
1.9071900000000002,6.465201501193264
1.90728,6.465197908690917
1.90737,6.46519402387749
1.9074600000000002,6.465200194148498
1.90755,6.465201268202328
1.9076400000000002,6.4652339535404
1.9077300000000001,6.465250163319602
1.90782,6.465256994131793
1.9079100000000002,6.46527301388234
1.9080000000000001,6.465254961323392
1.90809,6.465273137268779
1.9081800000000002,6.465287561576121
1.9082700000000001,6.465273916250984
1.90836,6.465296032132492
1.9084500000000002,6.465316202538661
1.9085400000000001,6.465322170375779
1.90863,6.465318443832906
1.9087200000000002,6.465313817741819
1.9088100000000001,6.465328942468244
1.9089,6.465361824771784
1.9089900000000002,6.465372968299215
1.90908,6.46536289921062
1.90917,6.4653883305601
1.9092600000000002,6.465369601152673
1.90935,6.465376756308806
1.90944,6.465426502909878
1.9095300000000002,6.465416060961958
1.90962,6.465416963774741
1.90971,6.465428933734063
1.9098000000000002,6.465441328957518
1.90989,6.465453145093251
1.90998,6.465438582052556
1.9100700000000002,6.465447217033184
1.91016,6.465466904567295
1.9102500000000002,6.46547396928648
1.9103400000000001,6.465498437305012
1.91043,6.465505171173164
1.9105200000000002,6.465498417504365
1.9106100000000001,6.465499256656554
1.9107,6.465509097995812
1.9107900000000002,6.465519243108999
1.9108800000000001,6.465538911107326
1.91097,6.46555762011739
1.9110600000000002,6.465564730954267
1.9111500000000001,6.465579424940437
1.91124,6.465559832919071
1.9113300000000002,6.465555908620918
1.9114200000000001,6.465595910195274
1.91151,6.465605698023061
1.9116000000000002,6.46561758653318
1.9116900000000001,6.4656104751010615
1.91178,6.465598381907689
1.9118700000000002,6.465629452893859
1.91196,6.465648123094049
1.91205,6.465655842110942
1.9121400000000002,6.465675266646703
1.91223,6.465690636593182
1.91232,6.465658377311453
1.9124100000000002,6.465659542746172
1.9125,6.4656870734659835
1.91259,6.465706132395145
1.9126800000000002,6.465731891105331
1.91277,6.4657267205091475
1.9128600000000002,6.465700485070101
1.9129500000000002,6.46570595731651
1.91304,6.465758882826947
1.9131300000000002,6.465771572668887
1.9132200000000001,6.465743644543858
1.91331,6.465746037261223
1.9134000000000002,6.4657913039719626
1.9134900000000001,6.4657881521009255
1.91358,6.465806360964125
1.9136700000000002,6.465815892592784
1.9137600000000001,6.465790627264228
1.91385,6.465800573321516
1.9139400000000002,6.465842536044412
1.9140300000000001,6.4658542814033435
1.91412,6.465841917497838
1.9142100000000002,6.465852753817378
1.9143000000000001,6.465848310721169
1.91439,6.465859091679654
1.9144800000000002,6.465885761715107
1.91457,6.465897684961648
1.91466,6.465893539815653
1.9147500000000002,6.465904565831754
1.91484,6.465915601918182
1.91493,6.465917477541538
1.9150200000000002,6.465930871838764
1.91511,6.465937643827196
1.9152,6.465946284584497
1.9152900000000002,6.465961497214999
1.91538,6.465978303839996
1.9154700000000002,6.465999819254946
1.9155600000000002,6.465996725182126
1.91565,6.465997205003783
1.9157400000000002,6.466012548052294
1.9158300000000001,6.465990012871342
1.91592,6.465999953212866
1.9160100000000002,6.466025588701561
1.9161000000000001,6.466033109672857
1.91619,6.466039072271323
1.9162800000000002,6.466047260546749
1.9163700000000001,6.466056629660504
1.91646,6.466069143411757
1.9165500000000002,6.466082760029334
1.9166400000000001,6.466086678790887
1.91673,6.466095488995432
1.9168200000000002,6.466110522320527
1.9169100000000001,6.466123599008
1.917,6.466135273649917
1.9170900000000002,6.4661473489281285
1.91718,6.466134667444942
1.91727,6.46612032528088
1.9173600000000002,6.466149316903246
1.91745,6.4661634375801205
1.91754,6.466184525905162
1.9176300000000002,6.466195653998
1.91772,6.46618258094133
1.91781,6.466217052424875
1.9179000000000002,6.466214197001899
1.91799,6.466194906410041
1.9180800000000002,6.466217406136802
1.9181700000000002,6.466247496235482
1.91826,6.466243695737935
1.9183500000000002,6.466247761367643
1.9184400000000001,6.466273737098504
1.91853,6.466283746845821
1.9186200000000002,6.466286028149543
1.9187100000000001,6.46627434564093
1.9188,6.466274231317351
1.9188900000000002,6.466305372582461
1.9189800000000001,6.466326499087679
1.91907,6.466322658228253
1.9191600000000002,6.466318362087498
1.9192500000000001,6.466336574748029
1.91934,6.466365381428936
1.9194300000000002,6.466373620487129
1.9195200000000001,6.466357768026324
1.91961,6.466361682822978
1.9197000000000002,6.466404523920407
1.91979,6.4664025427675895
1.91988,6.466401591538853
1.9199700000000002,6.4664085268812705
1.92006,6.466405715247252
1.92015,6.466431132509751
1.9202400000000002,6.466455595556882
1.92033,6.466456291621782
1.92042,6.466442385443092
1.9205100000000002,6.466440299468035
1.9206,6.4664588183478
1.9206900000000002,6.466476806827005
1.9207800000000002,6.466485595544906
1.92087,6.466499935017442
1.9209600000000002,6.466524194194429
1.9210500000000001,6.46651559463246
1.92114,6.4665119967590465
1.9212300000000002,6.466540139986899
1.9213200000000001,6.4665359115035965
1.92141,6.466560290634431
1.9215000000000002,6.466574878647681
1.9215900000000001,6.466556624051135
1.92168,6.466564920506358
1.9217700000000002,6.466590665300841
1.9218600000000001,6.466594249609278
1.92195,6.466588579890349
1.9220400000000002,6.466610440904263
1.9221300000000001,6.466632455233133
1.92222,6.466622037403996
1.9223100000000002,6.4666263985045545
1.9224,6.466662867576395
1.92249,6.466661955522831
1.9225800000000002,6.466682109555852
1.92267,6.466685221563178
1.92276,6.466670955985513
1.9228500000000002,6.4666986776247715
1.92294,6.466694971431324
1.92303,6.466699997168317
1.9231200000000002,6.46671030618783
1.92321,6.466701987521907
1.9233000000000002,6.466741417638863
1.9233900000000002,6.46676209175186
1.92348,6.466760251594965
1.9235700000000002,6.4667640040093435
1.9236600000000001,6.46675894126379
1.92375,6.4667650748322405
1.9238400000000002,6.466786471168037
1.9239300000000001,6.466803579518243
1.92402,6.466801795724117
1.9241100000000002,6.466806636305223
1.9242000000000001,6.466832629401122
1.92429,6.466860596229898
1.9243800000000002,6.466854402563043
1.9244700000000001,6.466815763325135
1.92456,6.46684730891367
1.9246500000000002,6.466891612288194
1.9247400000000001,6.466881509782981
1.92483,6.466875625832665
1.9249200000000002,6.466871665700528
1.92501,6.466892535725784
1.9251,6.466927109975896
1.9251900000000002,6.466934143367754
1.92528,6.466929596767341
1.92537,6.466938328876576
1.9254600000000002,6.466952001690287
1.92555,6.466958624892537
1.92564,6.466973405017971
1.9257300000000002,6.466971114036707
1.92582,6.4669717580870305
1.92591,6.466989053293303
1.9260000000000002,6.466997867014508
1.92609,6.467008260867303
1.9261800000000002,6.467014073181133
1.9262700000000001,6.467016895583234
1.92636,6.4670250384128165
1.9264500000000002,6.467029178621628
1.9265400000000001,6.467051199014399
1.92663,6.467076840447158
1.9267200000000002,6.467081375957203
1.9268100000000001,6.467080585297383
1.9269,6.467087954894965
1.9269900000000002,6.467099725690672
1.9270800000000001,6.467110653933383
1.92717,6.46711858569142
1.9272600000000002,6.467111312255341
1.9273500000000001,6.4671199119495935
1.92744,6.467146739351044
1.9275300000000002,6.467159282930816
1.9276200000000001,6.467154261876891
1.92771,6.46716584589389
1.9278000000000002,6.4671804712564755
1.92789,6.467179334751667
1.92798,6.4671874723433405
1.9280700000000002,6.467190969094014
1.92816,6.467208093106461
1.92825,6.467223799820873
1.9283400000000002,6.4672118808326475
1.92843,6.467257130837313
1.92852,6.467265936969685
1.9286100000000002,6.467242553915174
1.9287,6.467264275557276
1.9287900000000002,6.4672660660599774
1.9288800000000001,6.467282121153365
1.92897,6.4672929546408815
1.9290600000000002,6.467283644232693
1.9291500000000001,6.467303871183959
1.92924,6.467311627766032
1.9293300000000002,6.467323425167936
1.9294200000000001,6.4673508692221136
1.92951,6.467358348672639
1.9296000000000002,6.467334064659136
1.9296900000000001,6.4673477889771585
1.92978,6.4673899992125685
1.9298700000000002,6.467401069105666
1.9299600000000001,6.467398734831304
1.93005,6.4673973841284305
1.9301400000000002,6.467394826170867
1.9302300000000001,6.467399204316788
1.93032,6.467424300889272
1.9304100000000002,6.467427376013072
1.9305,6.467425064467338
1.93059,6.467440030439095
1.9306800000000002,6.46746009917252
1.93077,6.467470063182361
1.93086,6.46749227537112
1.9309500000000002,6.467499266741912
1.93104,6.467474837336061
1.93113,6.467487317342227
1.9312200000000002,6.467508452484843
1.93131,6.467524480743668
1.9314000000000002,6.467542893872072
1.9314900000000002,6.467556761914822
1.93158,6.467544681705944
1.9316700000000002,6.467549278986123
1.9317600000000001,6.467568971433419
1.93185,6.467567791308104
1.9319400000000002,6.467585605653601
1.9320300000000001,6.467589305321387
1.93212,6.467591548265597
1.9322100000000002,6.467619525803051
1.9323000000000001,6.467633571497733
1.93239,6.467615615614985
1.9324800000000002,6.467618262072355
1.9325700000000001,6.467655901010063
1.93266,6.4676680405993014
1.9327500000000002,6.467656302242969
1.9328400000000001,6.467668653081086
1.93293,6.467690577709177
1.9330200000000002,6.467682103451707
1.93311,6.46769184539562
1.9332,6.467705379886704
1.9332900000000002,6.467713822902618
1.93338,6.467721276824338
1.93347,6.467724508653691
1.9335600000000002,6.467740087532202
1.93365,6.467751188936308
1.93374,6.467750878941313
1.9338300000000002,6.4677644233865985
1.93392,6.467795396284657
1.9340100000000002,6.467795042963735
1.9341000000000002,6.467782214993693
1.93419,6.467804431348635
1.9342800000000002,6.467817768490451
1.9343700000000001,6.46782415523889
1.93446,6.467830030610195
1.9345500000000002,6.467841793955393
1.9346400000000001,6.467865309228035
1.93473,6.467865396304176
1.9348200000000002,6.467862077657684
1.9349100000000001,6.467862106599748
1.935,6.467851243582311
1.9350900000000002,6.467882683746023
1.9351800000000001,6.467922972888515
1.93527,6.467932248807233
1.9353600000000002,6.467915379135265
1.9354500000000001,6.467908802949542
1.93554,6.467942582078566
1.9356300000000002,6.467966926616098
1.93572,6.467955340126985
1.93581,6.467963477690917
1.9359000000000002,6.4679742574013686
1.93599,6.467981746497893
1.93608,6.467995410714526
1.9361700000000002,6.468010228940199
1.93626,6.467997160274175
1.93635,6.468004711120416
1.9364400000000002,6.468029333811593
1.93653,6.468035640001735
1.9366200000000002,6.468046117964262
1.9367100000000002,6.46805622561403
1.9368,6.468056661815708
1.9368900000000002,6.468068810005972
1.9369800000000001,6.468110876090533
1.93707,6.468096819841815
1.9371600000000002,6.468086713352867
1.9372500000000001,6.468110126712031
1.93734,6.468118117465702
1.9374300000000002,6.468132342490218
1.9375200000000001,6.4681400656025945
1.93761,6.4681399895272165
1.9377000000000002,6.4681471404874005
1.9377900000000001,6.46816140788768
1.93788,6.4681622236896015
1.9379700000000002,6.468177014939358
1.9380600000000001,6.468201933339422
1.93815,6.468190515383314
1.9382400000000002,6.4681977186148885
1.93833,6.46822394210957
1.93842,6.468235105073882
1.9385100000000002,6.468231401036984
1.9386,6.4682621611050655
1.93869,6.468251828002211
1.9387800000000002,6.468237272921288
1.93887,6.468265182755088
1.93896,6.468256869166222
1.9390500000000002,6.46829122127986
1.93914,6.46831991395479
1.9392300000000002,6.468302080562232
1.9393200000000002,6.46829971356066
1.93941,6.468311253397091
1.9395000000000002,6.468327142552453
1.9395900000000001,6.468350054126099
1.93968,6.468371944065046
1.9397700000000002,6.468358843314254
1.9398600000000001,6.4683485458788725
1.93995,6.468360983954698
1.9400400000000002,6.468387240872781
1.9401300000000001,6.468415047745372
1.94022,6.468420836239582
1.9403100000000002,6.468416967177927
1.9404000000000001,6.468417911017836
1.94049,6.468423742128808
1.9405800000000002,6.468445739935292
1.9406700000000001,6.468450936434011
1.94076,6.468448187959653
1.9408500000000002,6.468463756470348
1.94094,6.468466920745877
1.94103,6.468483167882565
1.9411200000000002,6.468498383570739
1.94121,6.468494831647101
1.9413,6.468502710006653
1.9413900000000002,6.468531164956279
1.94148,6.468539437731253
1.94157,6.468540830738175
1.9416600000000002,6.468573963975853
1.94175,6.468556215382409
1.9418400000000002,6.468548603610638
1.9419300000000002,6.468556553336575
1.94202,6.468552330735917
1.9421100000000002,6.468597874762706
1.9422000000000001,6.46862165068853
1.94229,6.468614077312763
1.9423800000000002,6.468615812476707
1.9424700000000001,6.468632293180203
1.94256,6.468635220693846
1.9426500000000002,6.468653275787115
1.9427400000000001,6.468671489584054
1.94283,6.468650938028825
1.9429200000000002,6.4686618193968926
1.9430100000000001,6.4686795109628275
1.9431,6.468684842830888
1.9431900000000002,6.468696041961807
1.9432800000000001,6.46871974206495
1.94337,6.468718560933511
1.9434600000000002,6.468718313237573
1.94355,6.468738776556601
1.94364,6.468747695865893
1.9437300000000002,6.468758245706567
1.94382,6.468767765699644
1.94391,6.468764316260609
1.9440000000000002,6.468764039680862
1.94409,6.468812637178128
1.94418,6.468822995098067
1.9442700000000002,6.468799154357639
1.94436,6.468807370233877
1.94445,6.468834760376865
1.9445400000000002,6.468845876441737
1.94463,6.468846600327747
1.9447200000000002,6.468852137716675
1.9448100000000001,6.468855731091362
1.9449,6.468854034366602
1.9449900000000002,6.468878368271521
1.9450800000000001,6.4688993541665925
1.94517,6.468880800625129
1.9452600000000002,6.468898638526652
1.9453500000000001,6.468915085021268
1.94544,6.468922477820914
1.9455300000000002,6.468946885550042
1.9456200000000001,6.468972551663601
1.94571,6.46895072248367
1.9458000000000002,6.468945219717972
1.9458900000000001,6.468978998252078
1.94598,6.468981278251596
1.9460700000000002,6.46897312008638
1.9461600000000001,6.4689907166895
1.94625,6.469021400181717
1.9463400000000002,6.46902657079275
1.94643,6.469012723959199
1.94652,6.46902695826814
1.9466100000000002,6.469056401556315
1.9467,6.469064886854841
1.94679,6.469054996775393
1.9468800000000002,6.469036156396698
1.94697,6.4690638859469765
1.94706,6.469107144933919
1.9471500000000002,6.469092349195135
1.94724,6.469122392200634
1.9473300000000002,6.469125090916861
1.9474200000000002,6.469110243762351
1.94751,6.469144391434229
1.9476000000000002,6.469155630470931
1.9476900000000001,6.469152274363684
1.94778,6.469157748682213
1.9478700000000002,6.469168036208928
1.9479600000000001,6.4691701588902895
1.94805,6.469198229292227
1.9481400000000002,6.469207030950731
1.9482300000000001,6.469189015400828
1.94832,6.469201362954289
1.9484100000000002,6.469237536100653
1.9485000000000001,6.46924720887218
1.94859,6.469229904755254
1.9486800000000002,6.469236377637657
1.9487700000000001,6.469284488950478
1.94886,6.469271780781881
1.9489500000000002,6.469259370458338
1.94904,6.469294644200756
1.94913,6.469288057198475
1.9492200000000002,6.469283623260893
1.94931,6.469302110783059
1.9494,6.4693343029284085
1.9494900000000002,6.469353418270571
1.94958,6.469327452773773
1.94967,6.4693322615777795
1.9497600000000002,6.469368856511718
1.94985,6.469382846904879
1.9499400000000002,6.469377809643113
1.9500300000000002,6.469369085468233
1.95012,6.469382489035276
1.9502100000000002,6.4694044186538235
1.9503000000000001,6.469401439762736
1.95039,6.469431583786005
1.9504800000000002,6.469451901707784
1.9505700000000001,6.469441936268658
1.95066,6.469443439484984
1.9507500000000002,6.469463187586257
1.9508400000000001,6.4694571418948446
1.95093,6.469457802029811
1.9510200000000002,6.469490747360874
1.9511100000000001,6.469490800631241
1.9512,6.46949664692875
1.9512900000000002,6.469517144468826
1.9513800000000001,6.469529716577734
1.95147,6.4695284842300795
1.9515600000000002,6.469542114620028
1.95165,6.469547827936031
1.95174,6.469544166864235
1.9518300000000002,6.469558241394844
1.95192,6.469584530663903
1.95201,6.4695954350333125
1.9521000000000002,6.46958864684512
1.95219,6.469590676013573
1.95228,6.469617835065557
1.9523700000000002,6.469621957328691
1.95246,6.469619067447451
1.9525500000000002,6.469630315467986
1.9526400000000002,6.469643996412439
1.95273,6.469666681770182
1.9528200000000002,6.469663509962947
1.9529100000000001,6.46966145688538
1.953,6.469692479954272
1.9530900000000002,6.469688784408351
1.9531800000000001,6.469690976497877
1.95327,6.469698946087215
1.9533600000000002,6.4697014905277195
1.9534500000000001,6.4697291865820805
1.95354,6.469760086544255
1.9536300000000002,6.469775734223012
1.9537200000000001,6.469771325746916
1.95381,6.469753480576726
1.9539000000000002,6.469743862955034
1.9539900000000001,6.469775948943949
1.95408,6.4698083059791465
1.9541700000000002,6.469794484397836
1.95426,6.469790301102093
1.95435,6.469813518961485
1.9544400000000002,6.469833214764041
1.95453,6.469841216233609
1.95462,6.469863031304917
1.9547100000000002,6.469850288937439
1.9548,6.469854770620359
1.95489,6.469872483161151
1.9549800000000002,6.469853934004484
1.95507,6.469887316743732
1.9551600000000002,6.469912613825019
1.9552500000000002,6.469910456396831
1.95534,6.469917682291181
1.9554300000000002,6.469926475728393
1.9555200000000001,6.469927885066902
1.95561,6.469947279507274
1.9557000000000002,6.469970905866933
1.9557900000000001,6.469955529448489
1.95588,6.469982059045305
1.9559700000000002,6.470004497682538
1.9560600000000001,6.469992727652333
1.95615,6.469988835638244
1.9562400000000002,6.470001627298372
1.9563300000000001,6.47001550477469
1.95642,6.470018619488032
1.9565100000000002,6.470023912041227
1.9566000000000001,6.470054999116046
1.95669,6.4700736072207485
1.9567800000000002,6.470063394808688
1.95687,6.4700522739139315
1.95696,6.4700747624666075
1.9570500000000002,6.4701043733474
1.95714,6.470104142631653
1.95723,6.470100220281669
1.9573200000000002,6.47012651011052
1.95741,6.470126700404542
1.9575,6.470127637478328
1.9575900000000002,6.4701494004753775
1.95768,6.470170298322907
1.9577700000000002,6.470162417709797
1.9578600000000002,6.470156516075733
1.95795,6.470178084829544
1.9580400000000002,6.470202505808003
1.9581300000000001,6.4701947638064325
1.95822,6.47020563708647
1.9583100000000002,6.470223418870377
1.9584000000000001,6.470231612019574
1.95849,6.470235575820344
1.9585800000000002,6.470237996973988
1.9586700000000001,6.47025204593509
1.95876,6.470273770380838
1.9588500000000002,6.470279191160098
1.9589400000000001,6.470259772869876
1.95903,6.4702777193770205
1.9591200000000002,6.470304247592921
1.9592100000000001,6.470310003523017
1.9593,6.470319210657685
1.9593900000000002,6.470333743530922
1.95948,6.470348449983709
1.95957,6.470356243756631
1.9596600000000002,6.470353185314309
1.95975,6.470348170243868
1.95984,6.47037047583805
1.9599300000000002,6.470393049378714
1.96002,6.470394544456994
1.96011,6.470402227169206
1.9602000000000002,6.470397879816335
1.96029,6.470417174330067
1.9603800000000002,6.470441541136731
1.9604700000000002,6.470425675857067
1.96056,6.47045293011037
1.9606500000000002,6.470464130813315
1.9607400000000001,6.470447987924389
1.96083,6.470457108877174
1.9609200000000002,6.470489561182494
1.9610100000000001,6.470502169818869
1.9611,6.470504493126207
1.9611900000000002,6.470510013073607
1.9612800000000001,6.470503985214498
1.96137,6.47052160465417
1.9614600000000002,6.470552709663637
1.9615500000000001,6.470564459319275
1.96164,6.47055101711295
1.9617300000000002,6.470551111531513
1.9618200000000001,6.470563404748361
1.96191,6.470587530833535
1.9620000000000002,6.470609723960193
1.9620900000000001,6.470595713477178
1.96218,6.470599237299234
1.9622700000000002,6.470624745228301
1.96236,6.470642384932885
1.96245,6.4706373360310545
1.9625400000000002,6.470615954374763
1.96263,6.470642444017233
1.96272,6.470685205509883
1.9628100000000002,6.470673795277623
1.9629,6.470683499717109
1.96299,6.470703283019956
1.9630800000000002,6.4707027198784335
1.96317,6.470695697216411
1.9632600000000002,6.4707192649532725
1.9633500000000002,6.470715211367961
1.96344,6.470722055317023
1.9635300000000002,6.470754553983445
1.9636200000000001,6.470755904825182
1.96371,6.470765246356771
1.9638000000000002,6.470774273001549
1.9638900000000001,6.470786217561586
1.96398,6.470807823927829
1.9640700000000002,6.470800047907056
1.9641600000000001,6.470808125795659
1.96425,6.470819007233719
1.9643400000000002,6.470808990361187
1.9644300000000001,6.470820739362355
1.96452,6.470859269728419
1.9646100000000002,6.470877208045076
1.9647000000000001,6.470866287013149
1.96479,6.470867041418341
1.9648800000000002,6.470867646761446
1.96497,6.470879717857497
1.96506,6.470900398719799
1.9651500000000002,6.470913270971376
1.96524,6.4709224505753475
1.96533,6.470933783367676
1.9654200000000002,6.470940995601486
1.96551,6.470942671031701
1.9656,6.470952985755289
1.9656900000000002,6.470974231385492
1.96578,6.4709865916125135
1.9658700000000002,6.470986416632107
1.9659600000000002,6.470990579626681
1.96605,6.470997612208337
1.9661400000000002,6.47100878647813
1.9662300000000001,6.471024534720112
1.96632,6.471036164119546
1.9664100000000002,6.4710332886205135
1.9665000000000001,6.471044514299628
1.96659,6.471055189369816
1.9666800000000002,6.471059569849183
1.9667700000000001,6.471086756601483
1.96686,6.471096031688983
1.9669500000000002,6.471084222526795
1.9670400000000001,6.471092042527013
1.96713,6.471129531974388
1.9672200000000002,6.471118634972654
1.9673100000000001,6.471120300469273
1.9674,6.471136879086597
1.9674900000000002,6.47113125100697
1.96758,6.47114086416433
1.96767,6.471158769312218
1.9677600000000002,6.471177712624283
1.96785,6.471196513341356
1.96794,6.4712066802297645
1.9680300000000002,6.471194971938313
1.96812,6.4712105002122104
1.96821,6.471241331902825
1.9683000000000002,6.471233422812
1.96839,6.471226958713313
1.9684800000000002,6.471228003778249
1.9685700000000002,6.471249288420391
1.96866,6.471281981054166
1.9687500000000002,6.471279417931181
1.9688400000000001,6.471283970015842
1.96893,6.471294560113732
1.9690200000000002,6.471295483393065
1.9691100000000001,6.471300627523166
1.9692,6.471319913152748
1.9692900000000002,6.471331710782206
1.9693800000000001,6.471331327946822
1.96947,6.4713412164199235
1.9695600000000002,6.471369590132814
1.9696500000000001,6.471373734084389
1.96974,6.47137161520578
1.9698300000000002,6.471387373080308
1.9699200000000001,6.471388749205447
1.97001,6.471407064896134
1.9701000000000002,6.471425499303722
1.97019,6.471432752836067
1.97028,6.471436731163848
1.9703700000000002,6.471398112349918
1.97046,6.471443105771623
1.97055,6.471493983080621
1.9706400000000002,6.471431789244542
1.97073,6.471466555448154
1.97082,6.471482381984339
1.9709100000000002,6.471481646642654
1.971,6.471523023852434
1.9710900000000002,6.471533451164946
1.9711800000000002,6.471505598747257
1.97127,6.471510270349392
1.9713600000000002,6.471544469701751
1.9714500000000001,6.4715437598981405
1.97154,6.4715666924962125
1.9716300000000002,6.471568416707944
1.9717200000000001,6.471557375911671
1.97181,6.471574291632635
1.9719000000000002,6.471577733550248
1.9719900000000001,6.471602118882584
1.97208,6.471628760622874
1.9721700000000002,6.4716342878887785
1.9722600000000001,6.4716417890224065
1.97235,6.471625979367233
1.9724400000000002,6.4716223980317595
1.9725300000000001,6.471643424198594
1.97262,6.471658233363787
1.9727100000000002,6.471677687450744
1.9728,6.471694750680104
1.97289,6.471714183731437
1.9729800000000002,6.47172068424157
1.97307,6.471677060018913
1.97316,6.471705023184978
1.9732500000000002,6.471744102322848
1.97334,6.4717266356932175
1.97343,6.471735243129213
1.9735200000000002,6.471765317215422
1.97361,6.471758903759397
1.9737000000000002,6.47174824619254
1.9737900000000002,6.471791414564617
1.97388,6.47179432705927
1.9739700000000002,6.4718146148431925
1.9740600000000001,6.471830051387136
1.97415,6.471812551584519
1.9742400000000002,6.471852019725822
1.9743300000000001,6.471846510758192
1.97442,6.47183522257359
1.9745100000000002,6.471857955085473
1.9746000000000001,6.471856039718482
1.97469,6.471882606208566
1.9747800000000002,6.471889397154254
1.9748700000000001,6.47188578572782
1.97496,6.471916039882084
1.9750500000000002,6.471900892417993
1.9751400000000001,6.471911690995213
1.97523,6.471940568837335
1.9753200000000002,6.471942753992198
1.97541,6.47195410850496
1.9755,6.471951114605292
1.9755900000000002,6.471959010379117
1.97568,6.471976860488233
1.97577,6.47196651930072
1.9758600000000002,6.4719828983955425
1.97595,6.472022270697983
1.97604,6.472032939346053
1.9761300000000002,6.47201141337238
1.97622,6.472042499434447
1.9763100000000002,6.472041564002394
1.9764000000000002,6.472026671365697
1.97649,6.472051563851783
1.9765800000000002,6.4720733689147
1.9766700000000001,6.472103203265253
1.97676,6.472103326252467
1.9768500000000002,6.47208249155794
1.9769400000000001,6.472101466496
1.97703,6.472123109442669
1.9771200000000002,6.472127499371331
1.9772100000000001,6.472140324401904
1.9773,6.47216351477157
1.9773900000000002,6.472136313350833
1.9774800000000001,6.472145878270118
1.97757,6.4721594081394676
1.9776600000000002,6.472148936298651
1.9777500000000001,6.472193247483979
1.97784,6.472198212169126
1.9779300000000002,6.472200534127403
1.9780200000000001,6.472220013095406
1.97811,6.4722119458286596
1.9782000000000002,6.472230507094263
1.97829,6.472246809450932
1.97838,6.472257159620728
1.9784700000000002,6.472277361937485
1.97856,6.472277932266937
1.97865,6.472282314822596
1.9787400000000002,6.472289298598331
1.97883,6.472293094341081
1.9789200000000002,6.472307889170992
1.9790100000000002,6.472320374320694
1.9791,6.472317876038499
1.9791900000000002,6.472322159502082
1.9792800000000002,6.472351912897588
1.97937,6.472358290764333
1.9794600000000002,6.472363359587585
1.9795500000000001,6.47236971634575
1.97964,6.4723672166871165
1.9797300000000002,6.4723798283966225
1.9798200000000001,6.472394842351352
1.97991,6.472405236359844
1.9800000000000002,6.4724114804551345
1.9800900000000001,6.472413989696433
1.98018,6.4724209051998525
1.9802700000000002,6.472435804499941
1.9803600000000001,6.47245769566481
1.98045,6.472477775112347
1.9805400000000002,6.4724799919621105
1.9806300000000001,6.472477107149324
1.98072,6.472478339996129
1.9808100000000002,6.472488830546842
1.9809,6.472512677911212
1.98099,6.472518614984242
1.9810800000000002,6.472531077355231
1.98117,6.47255176193588
1.98126,6.472543184207259
1.9813500000000002,6.472552497423859
1.98144,6.472564365154316
1.9815300000000002,6.472565733965989
1.9816200000000002,6.472575918719971
1.98171,6.47260054766671
1.9818000000000002,6.472597952240492
1.9818900000000002,6.472592340959893
1.98198,6.472613360835189
1.9820700000000002,6.472623169902538
1.9821600000000001,6.472629488132945
1.98225,6.472638295924206
1.9823400000000002,6.472646331113818
1.9824300000000001,6.472653443697355
1.98252,6.4726703105248475
1.9826100000000002,6.472689964643876
1.9827000000000001,6.472689731367423
1.98279,6.472672050630088
1.9828800000000002,6.472688033747338
1.9829700000000001,6.472725257065853
1.98306,6.472739988352316
1.9831500000000002,6.47272957441824
1.9832400000000001,6.472743329563639
1.98333,6.472767268788399
1.9834200000000002,6.472776473889593
1.98351,6.472770082717098
1.9836,6.472775977675906
1.9836900000000002,6.472813641051241
1.98378,6.472799538678588
1.98387,6.472775552259882
1.9839600000000002,6.472815516011396
1.98405,6.472824744674148
1.98414,6.472836978747602
1.9842300000000002,6.472851057896275
1.98432,6.4728522040184995
1.9844100000000002,6.4728634249316706
1.9845000000000002,6.472870013560973
1.98459,6.472872774458465
1.9846800000000002,6.4728867626308935
1.9847700000000001,6.4729062338011705
1.98486,6.472891880649118
1.9849500000000002,6.47291523996942
1.9850400000000001,6.4729416163934586
1.98513,6.472923343935235
1.9852200000000002,6.472955752201917
1.9853100000000001,6.472961913095048
1.9854,6.472957215579971
1.9854900000000002,6.472972122263402
1.9855800000000001,6.472971634316391
1.98567,6.4730000866690345
1.9857600000000002,6.473009160349897
1.9858500000000001,6.472995044277115
1.98594,6.47300630843268
1.9860300000000002,6.473007533372009
1.98612,6.473027229384891
1.98621,6.473055466583214
1.9863000000000002,6.473067990193537
1.98639,6.473084818450121
1.98648,6.47307608465956
1.9865700000000002,6.473077455929522
1.98666,6.4731069380035775
1.98675,6.473116379904311
1.9868400000000002,6.473103656026533
1.98693,6.473100022118104
1.9870200000000002,6.473118088837404
1.9871100000000002,6.473137728990321
1.9872,6.473140250064337
1.9872900000000002,6.473158207780384
1.9873800000000001,6.473185399234195
1.98747,6.473190202912335
1.9875600000000002,6.473176592287413
1.9876500000000001,6.4731836605766935
1.98774,6.473189770176557
1.9878300000000002,6.473198211707486
1.9879200000000001,6.473241297002284
1.98801,6.473242420608124
1.9881000000000002,6.47322071624904
1.9881900000000001,6.473223946895604
1.98828,6.473255823291929
1.9883700000000002,6.473276478169475
1.9884600000000001,6.473286013949095
1.98855,6.473289774013437
1.9886400000000002,6.473283315466408
1.98873,6.473274385952339
1.98882,6.473315736994894
1.9889100000000002,6.473327042781572
1.989,6.473303693353959
1.98909,6.473334656924866
1.9891800000000002,6.473334119573105
1.98927,6.473358572607382
1.98936,6.473395334960322
1.9894500000000002,6.473384161065656
1.98954,6.473386249986265
1.9896300000000002,6.473400397032615
1.9897200000000002,6.473403592398008
1.98981,6.473401733393562
1.9899000000000002,6.4734219476969885
1.9899900000000001,6.47343165147636
1.99008,6.473423408552698
1.9901700000000002,6.473421039896011
1.9902600000000001,6.473443168916933
1.99035,6.473467603522285
1.9904400000000002,6.4734879110646215
1.9905300000000001,6.473497913080402
1.99062,6.473499090254783
1.9907100000000002,6.473508440946327
1.9908000000000001,6.473505642916586
1.99089,6.473514768032438
1.9909800000000002,6.473544994140419
1.9910700000000001,6.473551788004357
1.99116,6.473537387971142
1.9912500000000002,6.473544260880281
1.99134,6.4735730486319
1.99143,6.473587257412757
1.9915200000000002,6.473593526816173
1.99161,6.473579638582883
1.9917,6.473578414088176
1.9917900000000002,6.473610968097675
1.99188,6.473623608402492
1.99197,6.473630244368278
1.9920600000000002,6.473641630826527
1.99215,6.4736497233378305
1.9922400000000002,6.473650772044174
1.9923300000000002,6.473667953547334
1.99242,6.473690061251624
1.9925100000000002,6.473696701808533
1.9926000000000001,6.473691114400156
1.99269,6.473700250641874
1.9927800000000002,6.473708164538828
1.9928700000000001,6.473716504939199
1.99296,6.473732238258184
1.9930500000000002,6.4737350890860075
1.9931400000000001,6.473724057213351
1.99323,6.473735872965332
1.9933200000000002,6.473768352234836
1.9934100000000001,6.473781613782553
1.9935,6.47381082575513
1.9935900000000002,6.473803358777847
1.9936800000000001,6.473782902801243
1.99377,6.473813241665864
1.9938600000000002,6.473827520182573
1.9939500000000001,6.473832878478191
1.99404,6.473835983402567
1.9941300000000002,6.47384065616844
1.99422,6.473865048466052
1.99431,6.47388194117694
1.9944000000000002,6.473873485790369
1.99449,6.473873268729481
1.99458,6.473909411954617
1.9946700000000002,6.473899666624567
1.99476,6.4739159605677195
1.9948500000000002,6.473938782822846
1.9949400000000002,6.473914603787874
1.99503,6.473953050401699
1.9951200000000002,6.473954895531126
1.9952100000000002,6.473935724733637
1.9953,6.4739604659807455
1.9953900000000002,6.473987482053055
1.9954800000000001,6.47399020392209
1.99557,6.473993385040143
1.9956600000000002,6.473999778792576
1.9957500000000001,6.473992567374059
1.99584,6.474016912950863
1.9959300000000002,6.474036831164182
1.9960200000000001,6.474049673681255
1.99611,6.474069931584116
1.9962000000000002,6.4740585474718975
1.9962900000000001,6.4740619930315635
1.99638,6.474080585696218
1.9964700000000002,6.4740936822232555
1.9965600000000001,6.474104363247692
1.99665,6.474089743128848
1.9967400000000002,6.474105511208188
1.99683,6.4741392203548935
1.99692,6.474126832264044
1.9970100000000002,6.474136087464999
1.9971,6.4741488426931975
1.99719,6.474156120893052
1.9972800000000002,6.47416998747096
1.99737,6.474177186335343
1.9974600000000002,6.474183576318073
1.9975500000000002,6.474193868618207
1.99764,6.474201288925363
1.9977300000000002,6.474203432853813
1.9978200000000002,6.474230569476478
1.99791,6.474252759522994
1.9980000000000002,6.474246512222163
1.9980900000000001,6.4742366343851545
1.99818,6.474255203510143
1.9982700000000002,6.474253281153694
1.9983600000000001,6.474263759801995
1.99845,6.474307730496497
1.9985400000000002,6.474293028123555
1.9986300000000001,6.474292826885355
1.99872,6.474311327807872
1.9988100000000002,6.474324600056328
1.9989000000000001,6.474341184878835
1.99899,6.474336145974364
1.9990800000000002,6.474342024692643
1.9991700000000001,6.474362213624966
1.99926,6.474367474952334
1.9993500000000002,6.474373642852751
1.99944,6.474390400216613
1.99953,6.474400107622589
1.9996200000000002,6.474398392514444
1.99971,6.474411511799694
1.9998,6.474411084053439
1.9998900000000002,6.474422996228884
1.99998,6.474444678090981
2.00007,6.474437625499821
2.00016,6.474459405773905
2.0002500000000003,6.474462023264068
2.00034,6.474468245140822
2.00043,6.474509179892921
2.0005200000000003,6.474470450256963
2.00061,6.474486878255973
2.0007,6.474533013187054
2.0007900000000003,6.474526557824
2.00088,6.474530197674678
2.00097,6.4745368410833155
2.0010600000000003,6.4745485243982515
2.00115,6.474559982375953
2.00124,6.474559375945548
2.0013300000000003,6.474572189043538
2.00142,6.474577617858448
2.00151,6.474577569673154
2.0016000000000003,6.474595235178521
2.00169,6.474619741714041
2.00178,6.474627333773836
2.0018700000000003,6.474631075501312
2.00196,6.4746425282921125
2.00205,6.474642964130161
2.0021400000000003,6.474642803647739
2.00223,6.4746613687417796
2.00232,6.47467985172008
2.0024100000000002,6.4746742885272575
2.0025,6.474695468743277
2.00259,6.474717996307105
2.0026800000000002,6.474713795685315
2.00277,6.474707020404043
2.00286,6.474738805652739
2.0029500000000002,6.474729420699646
2.00304,6.474719504441916
2.00313,6.474754499362585
2.0032200000000002,6.4747759044747255
2.00331,6.474784993316322
2.0034,6.474784500822928
2.00349,6.4747880055658955
2.00358,6.474806622134336
2.00367,6.47481528655281
2.00376,6.474827110053147
2.00385,6.474841769634541
2.00394,6.47484375882837
2.00403,6.474835451339871
2.0041200000000003,6.474839495106445
2.00421,6.474865129594604
2.0043,6.474882672071997
2.0043900000000003,6.474864319073588
2.00448,6.474877015462655
2.00457,6.47489369476869
2.0046600000000003,6.474900296025438
2.00475,6.474921375643519
2.00484,6.4749357608018165
2.0049300000000003,6.474941841906154
2.00502,6.4749562360235675
2.00511,6.474969862283957
2.0052000000000003,6.474950696899036
2.00529,6.474965941494799
2.00538,6.474985143611881
2.0054700000000003,6.4749769158411725
2.00556,6.474982503627786
2.00565,6.475008575367871
2.0057400000000003,6.475026443224726
2.00583,6.475026292552553
2.00592,6.47502809006769
2.0060100000000003,6.475045677125724
2.0061,6.475056841905923
2.00619,6.475063678325462
2.0062800000000003,6.47506707295419
2.00637,6.475054583357763
2.00646,6.475092861848612
2.0065500000000003,6.475124704851101
2.00664,6.475121954619749
2.00673,6.475135091093216
2.0068200000000003,6.475117546338678
2.00691,6.475116683292423
2.007,6.475138544556299
2.0070900000000003,6.475142776296709
2.00718,6.475149200163117
2.00727,6.475184828658291
2.0073600000000003,6.47519312665193
2.00745,6.475161406631324
2.00754,6.47518163899277
2.0076300000000002,6.475214200223735
2.00772,6.475232627246331
2.00781,6.4752374439850096
2.0079000000000002,6.475237590778633
2.00799,6.475245613517604
2.00808,6.475251142987022
2.0081700000000002,6.475249415648053
2.00826,6.475258610181462
2.00835,6.475293753371998
2.0084400000000002,6.475285263001852
2.00853,6.475288592858102
2.00862,6.475322859201696
2.00871,6.475298383271404
2.0088,6.475327225302435
2.00889,6.4753383372049305
2.00898,6.475316860151963
2.00907,6.475345907950446
2.00916,6.475354994467656
2.00925,6.4753866463243765
2.0093400000000003,6.475406861748677
2.00943,6.475377726982018
2.00952,6.4753916531237365
2.0096100000000003,6.475398177411143
2.0097,6.4754022257710515
2.00979,6.475422274530892
2.0098800000000003,6.475428964595832
2.00997,6.4754306667098165
2.01006,6.475456324531093
2.0101500000000003,6.475469075734929
2.01024,6.475441108277089
2.01033,6.475480472433179
2.0104200000000003,6.475494757467221
2.01051,6.475483161243581
2.0106,6.475505028683613
2.0106900000000003,6.475521430681427
2.01078,6.475535239687116
2.01087,6.475533509060215
2.0109600000000003,6.4755225853954315
2.01105,6.4755348827246415
2.01114,6.475552384757514
2.0112300000000003,6.475565981026425
2.01132,6.475570342309361
2.01141,6.47557085039181
2.0115000000000003,6.475589984818971
2.01159,6.475590099525596
2.01168,6.475600266979336
2.0117700000000003,6.47564089664275
2.01186,6.475645063982815
2.01195,6.4756340037383735
2.0120400000000003,6.475638123670683
2.01213,6.475654940883336
2.01222,6.475665021864129
2.0123100000000003,6.475679692181133
2.0124,6.475684967941909
2.01249,6.475686306525191
2.0125800000000003,6.475702506164572
2.01267,6.47571881242096
2.01276,6.475712344487186
2.0128500000000003,6.475713749676649
2.01294,6.475736928970719
2.01303,6.475737710494881
2.0131200000000002,6.475745427728546
2.01321,6.475762129157609
2.0133,6.4757718250729495
2.0133900000000002,6.475777116107656
2.01348,6.475801677146543
2.01357,6.475810126011389
2.0136600000000002,6.4758033967784145
2.01375,6.475809901858572
2.01384,6.475816021940731
2.01393,6.475825609265266
2.01402,6.47583446061212
2.01411,6.475842865877061
2.0142,6.475859928841297
2.01429,6.475864261863057
2.01438,6.47586812303465
2.01447,6.4758849668294305
2.01456,6.475901933554011
2.01465,6.475899569761733
2.01474,6.475902423799126
2.0148300000000003,6.475920625901458
2.01492,6.475939674464078
2.01501,6.475950701684534
2.0151000000000003,6.4759608527846435
2.01519,6.475964895275123
2.01528,6.475963839358819
2.0153700000000003,6.475973749096386
2.01546,6.4759886842307255
2.01555,6.4759988208384165
2.0156400000000003,6.4759983024935
2.01573,6.47599065616375
2.01582,6.4759948710947794
2.0159100000000003,6.4760394822225384
2.016,6.47606304675527
2.01609,6.476038371683071
2.0161800000000003,6.476064480237211
2.01627,6.476050574139023
2.01636,6.476041712006443
2.0164500000000003,6.4760810853555695
2.01654,6.476099505624104
2.01663,6.476114767935432
2.0167200000000003,6.476118787603708
2.01681,6.47611491340853
2.0169,6.476125687933221
2.0169900000000003,6.4761462752964825
2.01708,6.476151519524846
2.01717,6.4761546120481235
2.0172600000000003,6.4761656660519
2.01735,6.47615728548884
2.01744,6.476168165912368
2.0175300000000003,6.4761934268106796
2.01762,6.476207234343341
2.01771,6.476203352881091
2.0178000000000003,6.476191495967059
2.01789,6.476217349383018
2.01798,6.476251244070664
2.0180700000000003,6.476241747432138
2.01816,6.476244388515853
2.01825,6.476243682104432
2.0183400000000002,6.476258553192171
2.01843,6.476291938872896
2.01852,6.476288149237547
2.0186100000000002,6.476292352883772
2.0187,6.476305038878261
2.01879,6.476313561188834
2.0188800000000002,6.476328000834431
2.01897,6.4763447652189114
2.01906,6.476349629447797
2.0191500000000002,6.476348743198045
2.01924,6.476359337146349
2.01933,6.47637489540421
2.01942,6.476370141778959
2.01951,6.476372277203987
2.0196,6.476392749101386
2.01969,6.4763924622402484
2.01978,6.476413485455662
2.01987,6.476428289633379
2.01996,6.476427378720108
2.0200500000000003,6.476440885383179
2.02014,6.476438511401114
2.02023,6.476446744344279
2.0203200000000003,6.476464992308505
2.02041,6.476467754982068
2.0205,6.476468658962614
2.0205900000000003,6.476495235116937
2.02068,6.476501523208094
2.02077,6.476481798041199
2.0208600000000003,6.476512212674793
2.02095,6.476547526124392
2.02104,6.476555157689681
2.0211300000000003,6.476542313339845
2.02122,6.4765386986579365
2.02131,6.476562387448817
2.0214000000000003,6.476567443522743
2.02149,6.476566895878551
2.02158,6.47659551416381
2.0216700000000003,6.476615707890233
2.02176,6.476602863614288
2.02185,6.476597678140141
2.0219400000000003,6.476617388580081
2.02203,6.476625774397862
2.02212,6.476650330473671
2.0222100000000003,6.476663123895955
2.0223,6.47665805309611
2.02239,6.476664916506587
2.0224800000000003,6.476675573824642
2.02257,6.476676681229239
2.02266,6.476684350636508
2.0227500000000003,6.476703041000524
2.02284,6.476700935763038
2.02293,6.4767136926965225
2.0230200000000003,6.47673460875182
2.02311,6.476745309686981
2.0232,6.476750571533195
2.0232900000000003,6.476744194279885
2.02338,6.476743793138515
2.02347,6.476762560154578
2.0235600000000002,6.476790742282085
2.02365,6.47680612110811
2.02374,6.476806683179788
2.0238300000000002,6.476797365149289
2.02392,6.476797950426959
2.02401,6.476832311579644
2.0241000000000002,6.47685873519883
2.02419,6.476850457891243
2.02428,6.47683534640006
2.0243700000000002,6.476852862686059
2.02446,6.476861939529201
2.02455,6.476860981429468
2.02464,6.47687756756485
2.02473,6.476909299542973
2.02482,6.476904056124181
2.02491,6.476905056125448
2.025,6.476914655110154
2.02509,6.476922481347005
2.02518,6.476948261352871
2.0252700000000003,6.476943678645671
2.02536,6.4769511132340085
2.02545,6.4769830472515855
2.0255400000000003,6.476983924911954
2.02563,6.476971169017195
2.02572,6.47698741785613
2.0258100000000003,6.477001780655648
2.0259,6.4769870999065775
2.02599,6.477018108788127
2.0260800000000003,6.477044119653823
2.02617,6.4770478565515965
2.02626,6.477040809163797
2.0263500000000003,6.477027766593654
2.02644,6.47706177132319
2.02653,6.477091892385327
2.0266200000000003,6.477084542065088
2.02671,6.4770804942307665
2.0268,6.477099846977082
2.0268900000000003,6.477106584448316
2.02698,6.477104951706063
2.02707,6.47712010492202
2.0271600000000003,6.477132601317715
2.02725,6.477140008915244
2.02734,6.477144289801009
2.0274300000000003,6.477152744548779
2.02752,6.477168297954345
2.02761,6.477164164210704
2.0277000000000003,6.477173442225426
2.02779,6.477196295521449
2.02788,6.477198191100199
2.0279700000000003,6.477206602110965
2.02806,6.477223165337266
2.02815,6.477229119519369
2.0282400000000003,6.477226218061177
2.02833,6.477244765881116
2.02842,6.477254688321348
2.0285100000000003,6.477254819898639
2.0286,6.477259900288222
2.02869,6.4772742011821896
2.0287800000000002,6.477302727013899
2.02887,6.4772987773392
2.02896,6.477283897375956
2.0290500000000002,6.477305800579039
2.02914,6.477302724178438
2.02923,6.477316206223829
2.0293200000000002,6.477346138744
2.02941,6.47736097130088
2.0295,6.477370749578169
2.0295900000000002,6.477375289801574
2.02968,6.477372886891487
2.02977,6.477374734659848
2.02986,6.477392344103899
2.02995,6.477402767206266
2.03004,6.477402683666264
2.03013,6.477405569683387
2.03022,6.477418721930717
2.03031,6.477429853232345
2.0304,6.477443944799839
2.03049,6.477459646649711
2.03058,6.477462302352593
2.03067,6.477448646578721
2.0307600000000003,6.477469465220662
2.03085,6.477499389444251
2.03094,6.477508012485579
2.0310300000000003,6.47750800927197
2.03112,6.477503387122774
2.03121,6.4775210679955215
2.0313000000000003,6.47754433329611
2.03139,6.4775458560869374
2.03148,6.477557491765902
2.0315700000000003,6.47756869653385
2.03166,6.4775658103048315
2.03175,6.477553417742442
2.0318400000000003,6.477555154622145
2.03193,6.477596670880664
2.03202,6.477620811439077
2.0321100000000003,6.477609020584379
2.0322,6.477611794620029
2.03229,6.477628465593813
2.0323800000000003,6.477627402893021
2.03247,6.4776325081431665
2.03256,6.477664672020935
2.0326500000000003,6.477667293663582
2.03274,6.477678900769597
2.03283,6.47768138940518
2.0329200000000003,6.47766318057618
2.03301,6.477676479963575
2.0331,6.477709855819868
2.0331900000000003,6.477711123455611
2.03328,6.4777002352938675
2.03337,6.477732945739202
2.0334600000000003,6.477754316919133
2.03355,6.477758401101219
2.03364,6.477758791509827
2.0337300000000003,6.477762359415589
2.03382,6.4777694544362125
2.03391,6.477779897268444
2.0340000000000003,6.477792249051959
2.03409,6.477808271097232
2.03418,6.477821273765498
2.0342700000000002,6.477798202572229
2.03436,6.477797919324769
2.03445,6.477837546104741
2.0345400000000002,6.477862334551023
2.03463,6.47785566992755
2.03472,6.4778515766851985
2.0348100000000002,6.477862436752129
2.0349,6.477875217745153
2.03499,6.477883096216975
2.0350800000000002,6.477889574586549
2.03517,6.477915401327623
2.03526,6.477935386494543
2.03535,6.477910865428003
2.03544,6.477929429660856
2.03553,6.477941025515151
2.03562,6.47793123790831
2.03571,6.477949561561003
2.0358,6.477973378912545
2.03589,6.477977027012802
2.0359800000000003,6.47797157321624
2.03607,6.477980283018164
2.03616,6.477998298218632
2.0362500000000003,6.477998477566093
2.03634,6.478020831607272
2.03643,6.478043577687407
2.0365200000000003,6.478007576299236
2.03661,6.478034788995947
2.0367,6.478066417423035
2.0367900000000003,6.4780741501525165
2.03688,6.478086330375554
2.03697,6.478064394623743
2.0370600000000003,6.478081169886978
2.03715,6.478102034832635
2.03724,6.478089600196021
2.0373300000000003,6.478112071644834
2.03742,6.478127411649639
2.03751,6.478119044061597
2.0376000000000003,6.478118326487735
2.03769,6.478148165523825
2.03778,6.478161886326463
2.0378700000000003,6.478168614931889
2.03796,6.478175113357988
2.03805,6.478178262799881
2.0381400000000003,6.478193219624666
2.03823,6.478203714622881
2.03832,6.478214477324064
2.0384100000000003,6.478225985751237
2.0385,6.478219970564563
2.03859,6.478222463917531
2.0386800000000003,6.478240870991492
2.03877,6.478250918603566
2.03886,6.478243564323685
2.0389500000000003,6.478272307203536
2.03904,6.478296436402815
2.03913,6.478293999037434
2.0392200000000003,6.478287966632142
2.03931,6.478292240087659
2.0394,6.478293963243282
2.0394900000000002,6.478309072282303
2.03958,6.478333026844237
2.03967,6.4783316118025915
2.0397600000000002,6.478342913216733
2.03985,6.478354617673964
2.03994,6.478355054595591
2.0400300000000002,6.478359607937284
2.04012,6.478373583182534
2.04021,6.478396207500406
2.0403000000000002,6.47840720202325
2.04039,6.478399886842129
2.04048,6.478403613783886
2.04057,6.4784128022746446
2.04066,6.478435379266667
2.04075,6.478458549043326
2.04084,6.478454981662877
2.04093,6.478468050750953
2.04102,6.478472881297017
2.04111,6.478470165202372
2.0412000000000003,6.478488377740259
2.04129,6.478496317121206
2.04138,6.478493758137827
2.0414700000000003,6.478498195972882
2.04156,6.478511001536785
2.04165,6.478514958424416
2.0417400000000003,6.478533433433517
2.04183,6.478544094843962
2.04192,6.478542947495077
2.0420100000000003,6.478560459469
2.0421,6.4785672290137235
2.04219,6.478573569011129
2.0422800000000003,6.478591352596641
2.04237,6.478605145201358
2.04246,6.478594823448748
2.0425500000000003,6.478601416765514
2.04264,6.478611678235259
2.04273,6.478618134663476
2.0428200000000003,6.478660262871019
2.04291,6.478659437490297
2.043,6.4786513850856275
2.0430900000000003,6.478660397160593
2.04318,6.47865382606369
2.04327,6.478685589961127
2.0433600000000003,6.478698431419098
2.04345,6.47868976865141
2.04354,6.478702647355944
2.0436300000000003,6.47870416934666
2.04372,6.478705477109889
2.04381,6.478731434260351
2.0439000000000003,6.478756832554136
2.04399,6.478731584297423
2.04408,6.478737715661056
2.0441700000000003,6.478757380371261
2.04426,6.478768948253767
2.04435,6.478790331025664
2.0444400000000003,6.478786888906854
2.04453,6.478783385234503
2.04462,6.478800607819697
2.0447100000000002,6.478822423757018
2.0448,6.478823741720728
2.04489,6.478832945717479
2.0449800000000002,6.478851422089724
2.04507,6.478859399096153
2.04516,6.478851718407775
2.0452500000000002,6.478846277171219
2.04534,6.478864715231344
2.04543,6.478894005188939
2.0455200000000002,6.47890304846744
2.04561,6.478901558519225
2.0457,6.478905593789445
2.04579,6.478906443783433
2.04588,6.478904348616752
2.04597,6.47893017313551
2.04606,6.4789470964905105
2.04615,6.4789481257815345
2.04624,6.478953917301655
2.04633,6.47897150578203
2.0464200000000003,6.4789784559369945
2.04651,6.478986623862911
2.0466,6.478996406377754
2.0466900000000003,6.478996501828858
2.04678,6.4790068636551
2.04687,6.479018885185687
2.0469600000000003,6.479024935282477
2.04705,6.479031545871864
2.04714,6.479045391674409
2.0472300000000003,6.4790465309236485
2.04732,6.479050076377339
2.04741,6.479064991603061
2.0475000000000003,6.479074789018316
2.04759,6.479089855763716
2.04768,6.4790974981666976
2.0477700000000003,6.479101086552673
2.04786,6.479111867675203
2.04795,6.479112407790277
2.0480400000000003,6.4791257704809775
2.04813,6.479151518725437
2.04822,6.47916121382738
2.0483100000000003,6.479144113333715
2.0484,6.479149512994249
2.04849,6.479153166204233
2.0485800000000003,6.47916446245814
2.04867,6.4792183387075655
2.04876,6.479203136593639
2.0488500000000003,6.479196024810135
2.04894,6.479215871102708
2.04903,6.47920827534576
2.0491200000000003,6.479216930575982
2.04921,6.4792396063484
2.0493,6.47925509756961
2.0493900000000003,6.479263873735766
2.04948,6.479277795750718
2.04957,6.479251995099879
2.0496600000000003,6.479267879240569
2.04975,6.47930966049044
2.04984,6.479275082615739
2.0499300000000003,6.4792838471650285
2.05002,6.479313930427415
2.05011,6.479330340210998
2.0502000000000002,6.479338984657708
2.05029,6.4793384646416845
2.05038,6.479341069617574
2.0504700000000002,6.479343457205321
2.05056,6.479345210980598
2.05065,6.479364175415487
2.0507400000000002,6.479400667700291
2.05083,6.479405289970172
2.05092,6.479385014142262
2.05101,6.4793944715918945
2.0511,6.479409146447242
2.05119,6.479421262088055
2.05128,6.479420168507909
2.05137,6.479421995644053
2.05146,6.479466786241924
2.05155,6.4794460122560595
2.05164,6.479439622877359
2.05173,6.479486124219858
2.05182,6.479465308827058
2.0519100000000003,6.479479296575988
2.052,6.4795049473418995
2.05209,6.479500749684496
2.0521800000000003,6.479498065626122
2.05227,6.479533705242924
2.05236,6.4795411502076785
2.0524500000000003,6.479533592363505
2.05254,6.479549362079845
2.05263,6.4795443943149555
2.0527200000000003,6.479555271109977
2.05281,6.47957488611148
2.0529,6.47958569371391
2.0529900000000003,6.479592403646056
2.05308,6.4795757005699475
2.05317,6.47959576078196
2.0532600000000003,6.479624741208489
2.05335,6.4796016046325935
2.05344,6.479618311542414
2.0535300000000003,6.479636759846957
2.05362,6.479634802060911
2.05371,6.479639664454911
2.0538000000000003,6.479665301228213
2.05389,6.479671994094953
2.05398,6.479671365787058
2.0540700000000003,6.479685273166179
2.05416,6.479701601437517
2.05425,6.479703759754649
2.0543400000000003,6.479712690384075
2.05443,6.479720434207281
2.05452,6.479713139877748
2.0546100000000003,6.479729918939714
2.0547,6.479740015860312
2.05479,6.479753105726109
2.0548800000000003,6.479772168468799
2.05497,6.47975618648125
2.05506,6.479765253149686
2.0551500000000003,6.479790920473435
2.05524,6.479802101706633
2.05533,6.47980138736364
2.0554200000000002,6.479802614642607
2.05551,6.479819895021774
2.0556,6.479836338926366
2.0556900000000002,6.479834527555973
2.05578,6.479841077616444
2.05587,6.479859822745606
2.0559600000000002,6.479858113468446
2.05605,6.47984222624048
2.05614,6.479867614027764
2.0562300000000002,6.479888270166727
2.05632,6.479883314677643
2.05641,6.479880256219392
2.0565,6.479901474742506
2.05659,6.4799062931220455
2.05668,6.4799224099663
2.05677,6.479942310708807
2.05686,6.479942444385493
2.05695,6.479954913803315
2.05704,6.479969349686077
2.0571300000000003,6.479967847578771
2.05722,6.479958921282204
2.05731,6.479969669468599
2.0574000000000003,6.479989911235353
2.05749,6.480006062837956
2.05758,6.480009392632006
2.0576700000000003,6.48000847485115
2.05776,6.480030298208478
2.05785,6.480031005108068
2.0579400000000003,6.480024655267775
2.05803,6.480041850878932
2.05812,6.480047424339055
2.0582100000000003,6.480067401016122
2.0583,6.480060952100879
2.05839,6.480043991508841
2.0584800000000003,6.4800935412999445
2.05857,6.480092739370987
2.05866,6.480093663495563
2.0587500000000003,6.480117336460169
2.05884,6.480114043653217
2.05893,6.480127114094852
2.0590200000000003,6.480131598635822
2.05911,6.4801411836852845
2.0592,6.48016223315884
2.0592900000000003,6.480147474039841
2.05938,6.48017276561132
2.05947,6.480195160030975
2.0595600000000003,6.4801748813307
2.05965,6.480172106986983
2.05974,6.480210637047236
2.0598300000000003,6.480215809780497
2.05992,6.480201628061591
2.06001,6.4802268349811145
2.0601000000000003,6.480225634794109
2.06019,6.480244948514488
2.06028,6.480258699955673
2.0603700000000003,6.480240138973148
2.06046,6.480254460024674
2.06055,6.480267543209575
2.0606400000000002,6.480288384458957
2.06073,6.480310213458625
2.06082,6.480300910267046
2.0609100000000002,6.48030873348731
2.061,6.480319000606285
2.06109,6.480310982485026
2.0611800000000002,6.48030463485996
2.06127,6.480336566750343
2.06136,6.480359764579235
2.0614500000000002,6.480355724294503
2.06154,6.480356785376752
2.06163,6.480386919215505
2.06172,6.480385055256701
2.06181,6.480380203506618
2.0619,6.4803948147607695
2.06199,6.480396535587631
2.06208,6.480391602008904
2.06217,6.480414510721002
2.06226,6.480436103573862
2.0623500000000003,6.4804307404191475
2.06244,6.48045857304289
2.06253,6.480456280129542
2.0626200000000003,6.480455425355751
2.06271,6.480481296988272
2.0628,6.480471972607623
2.0628900000000003,6.480477742997575
2.06298,6.480491540266412
2.06307,6.480497500803434
2.0631600000000003,6.480505061458112
2.06325,6.480508912533125
2.06334,6.480512267834262
2.0634300000000003,6.480517793673072
2.06352,6.480531233098138
2.06361,6.480557162553552
2.0637000000000003,6.480555912179718
2.06379,6.480557290656711
2.06388,6.4805731504486435
2.0639700000000003,6.480563323228
2.06406,6.480583423390701
2.06415,6.480606522897229
2.0642400000000003,6.4806095910961545
2.06433,6.480613813371896
2.06442,6.480622629845737
2.0645100000000003,6.480622699797637
2.0646,6.480623994062383
2.06469,6.480645643517662
2.0647800000000003,6.480673320997395
2.06487,6.480653758646156
2.06496,6.4806427076314135
2.0650500000000003,6.480674171495337
2.06514,6.480689368145712
2.06523,6.480687485285691
2.0653200000000003,6.480689374335233
2.06541,6.480709478859348
2.0655,6.480731937200341
2.0655900000000003,6.480720887775485
2.06568,6.4807385165440685
2.06577,6.480760555767484
2.0658600000000003,6.480754152789232
2.06595,6.4807742110818936
2.06604,6.480764820576551
2.0661300000000002,6.480754602682005
2.06622,6.480772006934869
2.06631,6.480783577773471
2.0664000000000002,6.480788691110826
2.06649,6.48079619373464
2.06658,6.480805770796983
2.0666700000000002,6.480813147449349
2.06676,6.480825327964669
2.06685,6.480848384793087
2.06694,6.480856262996734
2.06703,6.48084134823269
2.06712,6.480842399109757
2.06721,6.480856285284616
2.0673,6.480879125953051
2.06739,6.480896335623671
2.06748,6.480893220903393
2.0675700000000004,6.480896829185239
2.06766,6.480925411250852
2.06775,6.480941682322135
2.0678400000000003,6.480922709713585
2.06793,6.480929530328481
2.06802,6.480934932215766
2.0681100000000003,6.4809385266794886
2.0682,6.480955241956462
2.06829,6.4809681751298305
2.0683800000000003,6.480958862067815
2.06847,6.480975796159069
2.06856,6.480996417873777
2.0686500000000003,6.480971057161376
2.06874,6.481009360206276
2.06883,6.481020079899163
2.0689200000000003,6.481007280242417
2.06901,6.481031770038061
2.0691,6.4810285232862705
2.0691900000000003,6.481045519708989
2.06928,6.481058678693671
2.06937,6.4810507423581125
2.0694600000000003,6.4810705368577235
2.06955,6.481080365031129
2.06964,6.481080696669085
2.0697300000000003,6.481085904863296
2.06982,6.481095967544248
2.06991,6.481106578316725
2.0700000000000003,6.481112626578213
2.07009,6.4811084601434725
2.07018,6.481108439854418
2.0702700000000003,6.481140651459738
2.07036,6.481159582589884
2.07045,6.481161774323751
2.0705400000000003,6.481163567230406
2.07063,6.481165770812866
2.07072,6.481179053393775
2.0708100000000003,6.481184492623533
2.0709,6.481189587588763
2.07099,6.481208976814154
2.0710800000000003,6.4812051100087595
2.07117,6.4812121713154
2.07126,6.481223483196802
2.0713500000000002,6.481223328674857
2.07144,6.481238966153462
2.07153,6.481231566038595
2.0716200000000002,6.481247034372513
2.07171,6.481286546344912
2.0718,6.481278261575011
2.0718900000000002,6.481274249951646
2.07198,6.481274025100567
2.07207,6.481278678348389
2.0721600000000002,6.4812988170653645
2.07225,6.48131060613178
2.07234,6.48132367522939
2.07243,6.4813432088927465
2.07252,6.481348350589838
2.07261,6.481322566959465
2.0727,6.481330512615885
2.07279,6.48135386471749
2.07288,6.481370154038987
2.07297,6.481389265589233
2.0730600000000003,6.481372995963792
2.07315,6.481369643072708
2.07324,6.481395935379333
2.0733300000000003,6.481415791246324
2.07342,6.481415660013832
2.07351,6.481414833993921
2.0736000000000003,6.481421352584126
2.07369,6.481431939221903
2.07378,6.48144669435016
2.0738700000000003,6.481463304255184
2.07396,6.481451627994723
2.07405,6.481440712947855
2.0741400000000003,6.4814736562492135
2.07423,6.481466200973543
2.07432,6.4814980528201245
2.0744100000000003,6.481534293025827
2.0745,6.481498081571891
2.07459,6.481490044755639
2.0746800000000003,6.481513302446627
2.07477,6.4815310132805495
2.07486,6.481538215101577
2.0749500000000003,6.48155847857891
2.07504,6.48155666939001
2.07513,6.481551480713523
2.0752200000000003,6.481557897585352
2.07531,6.481564446427269
2.0754,6.4815794769750115
2.0754900000000003,6.481592335194089
2.07558,6.481592798040717
2.07567,6.481594377045413
2.0757600000000003,6.481623579280077
2.07585,6.4816445345759615
2.07594,6.481641042900147
2.0760300000000003,6.481630445820791
2.07612,6.481630809567894
2.07621,6.481627076042094
2.0763000000000003,6.481660694734515
2.07639,6.481695057776337
2.07648,6.481670098819523
2.0765700000000002,6.481678657239843
2.07666,6.481695809850808
2.07675,6.481710856315411
2.0768400000000002,6.481722397951015
2.07693,6.481696339501019
2.07702,6.481693847152173
2.0771100000000002,6.481729978775094
2.0772,6.48175499449551
2.07729,6.481735517004648
2.0773800000000002,6.481749066339544
2.07747,6.481764368406074
2.07756,6.48176307287555
2.07765,6.4817729690052435
2.07774,6.481786378588346
2.07783,6.481801418896517
2.07792,6.481803807577414
2.07801,6.481793111636287
2.0781,6.481803218564881
2.07819,6.481844238687832
2.0782800000000003,6.481853299942791
2.07837,6.481827530826979
2.07846,6.481836046511234
2.0785500000000003,6.481846903703548
2.07864,6.481859976621359
2.07873,6.481875457225086
2.0788200000000003,6.481883632302489
2.07891,6.481888112134532
2.079,6.48188471140661
2.0790900000000003,6.481882046990795
2.07918,6.481902146607437
2.07927,6.481942497192361
2.0793600000000003,6.4819230924719005
2.07945,6.4819094755416335
2.07954,6.481943554990924
2.0796300000000003,6.481963291104568
2.07972,6.481955906876922
2.07981,6.481965734998226
2.0799000000000003,6.481976224616643
2.07999,6.481956280825608
2.08008,6.48195993105419
2.0801700000000003,6.4819844677660665
2.08026,6.482008332082864
2.08035,6.482022258872111
2.0804400000000003,6.482028964765663
2.08053,6.482018659010996
2.08062,6.482010978232108
2.0807100000000003,6.482023431695339
2.0808,6.482050239297525
2.08089,6.482072859185639
2.0809800000000003,6.482060398003651
2.08107,6.482046221131841
2.08116,6.482065445605795
2.0812500000000003,6.482075796264286
2.08134,6.482096627678394
2.08143,6.482113794766566
2.0815200000000003,6.482109327917434
2.08161,6.482108105923439
2.0817,6.482137964069813
2.0817900000000003,6.482136022196009
2.08188,6.482114898192195
2.08197,6.482143729867494
2.0820600000000002,6.48216290852645
2.08215,6.482161186090013
2.08224,6.482164204553
2.0823300000000002,6.482180651526415
2.08242,6.482184992469873
2.08251,6.482192889567472
2.0826000000000002,6.482189175872408
2.08269,6.482186973621268
2.08278,6.482221063779987
2.08287,6.4822166279106295
2.08296,6.482214162054777
2.08305,6.482238769592348
2.08314,6.48225169767563
2.08323,6.482244213061396
2.08332,6.482262594242458
2.08341,6.482277321410628
2.0835000000000004,6.4822641122620865
2.08359,6.482284173892498
2.08368,6.482295956575836
2.0837700000000003,6.482296947932913
2.08386,6.482305444477882
2.08395,6.4823169594810555
2.0840400000000003,6.482320201903029
2.08413,6.482328873296347
2.08422,6.48234226637339
2.0843100000000003,6.482346042787696
2.0844,6.482344936721195
2.08449,6.482345978939028
2.0845800000000003,6.482368068026039
2.08467,6.482396933479734
2.08476,6.4823854920344175
2.0848500000000003,6.482381318902607
2.08494,6.482387584587121
2.08503,6.482400788154599
2.0851200000000003,6.482427266781723
2.08521,6.482426942816342
2.0853,6.482422029524289
2.0853900000000003,6.482425832137757
2.08548,6.482431665912472
2.08557,6.482448139661133
2.0856600000000003,6.482454730658291
2.08575,6.482456769644093
2.08584,6.482466292049283
2.0859300000000003,6.482472640180145
2.08602,6.482471101918704
2.08611,6.482484709406479
2.0862000000000003,6.4825063081687215
2.08629,6.48250970212688
2.08638,6.482524659451858
2.0864700000000003,6.482523201778403
2.08656,6.482525574690534
2.08665,6.4825545837989385
2.0867400000000003,6.4825521331022715
2.08683,6.482552214140483
2.08692,6.482559743688175
2.0870100000000003,6.482564298417214
2.0871,6.482575059716661
2.08719,6.482578961406764
2.0872800000000002,6.482582792752234
2.08737,6.4825927250172475
2.08746,6.482605594428412
2.0875500000000002,6.482621855806567
2.08764,6.482621936082133
2.08773,6.482618403519405
2.0878200000000002,6.482637794177189
2.08791,6.482667514262003
2.088,6.482661675842991
2.0880900000000002,6.482638441759074
2.08818,6.482644725054995
2.08827,6.482681821676677
2.08836,6.482685471845576
2.08845,6.482681847818836
2.08854,6.48269308969079
2.08863,6.482701566895269
2.08872,6.482709888919601
2.08881,6.4827183450739465
2.0889,6.482718706984875
2.0889900000000003,6.48272166006544
2.08908,6.482751312049097
2.08917,6.4827483751901855
2.0892600000000003,6.482749331188283
2.08935,6.482771474182087
2.08944,6.482763493225551
2.0895300000000003,6.482766688387514
2.08962,6.482781205478318
2.08971,6.482798931237791
2.0898000000000003,6.482814971943934
2.08989,6.4828084976887785
2.08998,6.482802976766364
2.0900700000000003,6.482818648263316
2.09016,6.48284271933203
2.09025,6.482843139592295
2.0903400000000003,6.4828312457159205
2.09043,6.482838573320228
2.09052,6.482858958445754
2.0906100000000003,6.482859034076278
2.0907,6.482863962497779
2.09079,6.4828930258871145
2.0908800000000003,6.48291663058736
2.09097,6.482900808875337
2.09106,6.482881297229015
2.0911500000000003,6.482909337020562
2.09124,6.48292465697152
2.09133,6.482905195392153
2.0914200000000003,6.482940822973232
2.09151,6.482948029168091
2.0916,6.48294355338761
2.0916900000000003,6.4829524580184685
2.09178,6.482956631523328
2.09187,6.482986907658925
2.0919600000000003,6.482974248388461
2.09205,6.482956263250831
2.09214,6.4830005445587044
2.0922300000000003,6.483021421614825
2.09232,6.4830237153820045
2.09241,6.483007829337975
2.0925000000000002,6.483001451355517
2.09259,6.483051951583155
2.09268,6.483065818787217
2.0927700000000002,6.483047952732394
2.09286,6.483038253958137
2.09295,6.483043951898417
2.0930400000000002,6.483062656591588
2.09313,6.483086958113431
2.09322,6.4830937354449265
2.0933100000000002,6.483077022552765
2.0934,6.483072964239752
2.09349,6.483086567663225
2.09358,6.483118920144064
2.09367,6.483150418626548
2.09376,6.4831453663650676
2.09385,6.483119392834987
2.09394,6.483125414103945
2.09403,6.48316192374412
2.09412,6.4831790528017414
2.0942100000000003,6.4831712605026945
2.0943,6.483149422403377
2.09439,6.4831516232379025
2.0944800000000003,6.483189656333964
2.09457,6.483211594220319
2.09466,6.483206495879185
2.0947500000000003,6.483205771093751
2.09484,6.483220832406328
2.09493,6.4832255684420055
2.0950200000000003,6.483222717009769
2.09511,6.483223052419361
2.0952,6.483240295479582
2.0952900000000003,6.483269619113088
2.09538,6.483273829329121
2.09547,6.483266831060961
2.0955600000000003,6.483263648927336
2.09565,6.48327191944199
2.09574,6.483294139177305
2.0958300000000003,6.48329276876569
2.09592,6.483300217486834
2.09601,6.483323968259886
2.0961000000000003,6.483319079539984
2.09619,6.483318549044596
2.09628,6.483330754011024
2.0963700000000003,6.483339263275118
2.09646,6.48333757787635
2.09655,6.483347505638441
2.0966400000000003,6.483358357340721
2.09673,6.483368726530245
2.09682,6.483379382891241
2.0969100000000003,6.483382212504171
2.097,6.483396603260656
2.09709,6.483407162160583
2.0971800000000003,6.483406616622607
2.09727,6.483416976416235
2.09736,6.483438985961056
2.0974500000000003,6.483423268075058
2.09754,6.483406711954925
2.09763,6.483446797173
2.0977200000000003,6.483473672438523
2.09781,6.483452097403238
2.0979,6.483451768061271
2.0979900000000002,6.483496546435862
2.09808,6.48349919969132
2.09817,6.4834963386846045
2.0982600000000002,6.483481325270907
2.09835,6.483473406558222
2.09844,6.483505869456343
2.0985300000000002,6.483508191667946
2.09862,6.483535708016063
2.09871,6.483560785745093
2.0988,6.483529159995982
2.09889,6.483523759042497
2.09898,6.4835509255300146
2.09907,6.483571070412122
2.09916,6.483573514501989
2.09925,6.483583608731731
2.09934,6.483572237959548
2.0994300000000004,6.48358025434792
2.09952,6.483599855384659
2.09961,6.483587989074955
2.0997000000000003,6.483608947439216
2.09979,6.483632602267012
2.09988,6.483630802527664
2.0999700000000003,6.483621327947441
2.10006,6.483631955550849
2.10015,6.4836417835099835
2.1002400000000003,6.483650337440026
2.10033,6.483663545519069
2.10042,6.483671401413898
2.1005100000000003,6.483670367000174
2.1006,6.483669866985747
2.10069,6.483682469027533
2.1007800000000003,6.483705095025207
2.10087,6.483711413692832
2.10096,6.483705739888636
2.1010500000000003,6.483705277426925
2.10114,6.483721871977132
2.10123,6.483746169524228
2.1013200000000003,6.483737838916523
2.10141,6.483737886231615
2.1015,6.483754273630818
2.1015900000000003,6.48374077031362
2.10168,6.483765928834921
2.10177,6.483785966203355
2.1018600000000003,6.483774140467267
2.10195,6.483767433782395
2.10204,6.483788829854518
2.1021300000000003,6.483844360393534
2.10222,6.483849826021266
2.10231,6.483788637905754
2.1024000000000003,6.483799293585054
2.10249,6.483859177607448
2.10258,6.4838366702382695
2.1026700000000003,6.483805628810826
2.10276,6.483915288987688
2.10285,6.483860890203504
2.1029400000000003,6.483846192414674
2.10303,6.4839069892202055
2.10312,6.483879956033292
2.1032100000000002,6.483882333475403
2.1033,6.483882393366113
2.10339,6.483869460827687
2.1034800000000002,6.483882826462951
2.10357,6.483938431203338
2.10366,6.483981088358685
2.1037500000000002,6.4839459290224335
2.10384,6.483900744160215
2.10393,6.483951906768435
2.1040200000000002,6.48396909874931
2.10411,6.48395119869121
2.1042,6.483955494301414
2.10429,6.4839816120099005
2.10438,6.483963079346109
2.10447,6.4839611201750875
2.10456,6.48400375839692
2.1046500000000004,6.484038873369158
2.10474,6.48401220033594
2.10483,6.484000778852224
2.1049200000000003,6.484008685620349
2.10501,6.484027362484529
2.1051,6.484059739379959
2.1051900000000003,6.484058770327703
2.10528,6.484044770267099
2.10537,6.484045254354007
2.1054600000000003,6.484064867502323
2.10555,6.4840894751466065
2.10564,6.484082538981056
2.1057300000000003,6.484078326201853
2.10582,6.484096251848558
2.10591,6.484101665997773
2.1060000000000003,6.484130054096891
2.10609,6.484139662432842
2.10618,6.484124735727402
2.1062700000000003,6.484121242990417
2.10636,6.484100588390067
2.10645,6.484118435621171
2.1065400000000003,6.484153864170893
2.10663,6.484159342324968
2.10672,6.4841752134549395
2.1068100000000003,6.484210325305583
2.1069,6.484197968583325
2.10699,6.484162539410341
2.1070800000000003,6.4842012466865
2.10717,6.484189353264845
2.10726,6.484191905004068
2.1073500000000003,6.484226791499718
2.10744,6.48422073728583
2.10753,6.484209996815518
2.1076200000000003,6.48423836156329
2.10771,6.484257659611558
2.1078,6.484234898584779
2.1078900000000003,6.484241240194321
2.10798,6.484264844140708
2.10807,6.484274459842217
2.1081600000000003,6.484275730832572
2.10825,6.484292569939653
2.10834,6.484293516076276
2.1084300000000002,6.48429949187397
2.10852,6.484298554447588
2.10861,6.4842809193000095
2.1087000000000002,6.484314511362896
2.10879,6.484324637771859
2.10888,6.484326312129163
2.1089700000000002,6.484349372571056
2.10906,6.484339707206856
2.10915,6.484353848735299
2.1092400000000002,6.4843646069444825
2.10933,6.48435171907324
2.10942,6.48435487377265
2.10951,6.4843758337763715
2.1096,6.484396020852185
2.10969,6.484402043585131
2.10978,6.484402183116202
2.10987,6.484417495774175
2.10996,6.484424278130686
2.11005,6.484418837876441
2.1101400000000003,6.484413207876582
2.11023,6.4844117894604825
2.11032,6.484423169428335
2.1104100000000003,6.484452184767509
2.1105,6.4844734657877545
2.11059,6.484466570648086
2.1106800000000003,6.484479069266469
2.11077,6.484476450716496
2.11086,6.484474628214339
2.1109500000000003,6.484493281046772
2.11104,6.484470655964398
2.11113,6.484486130880714
2.1112200000000003,6.484507616193801
2.11131,6.484504687046702
2.1114,6.484537014952601
2.1114900000000003,6.484547148975078
2.11158,6.484541845687394
2.11167,6.484539653800407
2.1117600000000003,6.48453716103851
2.11185,6.484548183426442
2.11194,6.484566340958073
2.1120300000000003,6.48457113739801
2.11212,6.484562796091082
2.11221,6.484575250596681
2.1123000000000003,6.484603177282452
2.11239,6.484612684160137
2.11248,6.484598990258123
2.1125700000000003,6.484592114298314
2.11266,6.484585582012085
2.11275,6.484634511792491
2.1128400000000003,6.484686664667262
2.11293,6.484651187854833
2.11302,6.484628076739028
2.1131100000000003,6.484636072381322
2.1132,6.484640281076312
2.11329,6.484643395993882
2.1133800000000003,6.484689500748723
2.11347,6.48468837716638
2.11356,6.484691619116238
2.1136500000000003,6.484720321294347
2.11374,6.484696445298895
2.11383,6.484692605270449
2.1139200000000002,6.484707468185751
2.11401,6.484719343979609
2.1141,6.4847232707235065
2.1141900000000002,6.4847139618102725
2.11428,6.484725791245684
2.11437,6.4847395539458486
2.1144600000000002,6.484739015924822
2.11455,6.484765605258925
2.11464,6.484795441783447
2.11473,6.484800808336129
2.11482,6.484783885157506
2.11491,6.484775060476472
2.115,6.484796883925952
2.11509,6.484806128517211
2.11518,6.484806678512518
2.11527,6.484819465221809
2.1153600000000004,6.484800294705969
2.11545,6.484816322383337
2.11554,6.484838920599079
2.1156300000000003,6.484835935048119
2.11572,6.484861060393853
2.11581,6.484854971297422
2.1159000000000003,6.484850799998947
2.11599,6.484873950357055
2.11608,6.484887432052945
2.1161700000000003,6.48488696905587
2.11626,6.484873767782532
2.11635,6.484869191351023
2.1164400000000003,6.484893993910369
2.11653,6.484931370767998
2.11662,6.484944299388668
2.1167100000000003,6.484930434128403
2.1168,6.484923420859825
2.11689,6.484939319535988
2.1169800000000003,6.484913055533685
2.11707,6.4849279080243525
2.11716,6.484973728268258
2.1172500000000003,6.4849566933867955
2.11734,6.484980401709853
2.11743,6.484987803920485
2.1175200000000003,6.484973981332911
2.11761,6.484989390435508
2.1177,6.4850088149571175
2.1177900000000003,6.48500077919573
2.11788,6.48501215046866
2.11797,6.485042689852389
2.1180600000000003,6.485021149464658
2.11815,6.485021080683288
2.11824,6.485031918026861
2.1183300000000003,6.4850352100820565
2.11842,6.48504467823243
2.11851,6.485049973510051
2.1186000000000003,6.485053675349294
2.11869,6.48508310212444
2.11878,6.4851161130752635
2.1188700000000003,6.485078769929044
2.11896,6.485084598467908
2.11905,6.485103985413372
2.1191400000000002,6.4850894745108345
2.11923,6.4850909281407905
2.11932,6.485103911127069
2.1194100000000002,6.485115403235143
2.1195,6.4851279415971765
2.11959,6.485147984830675
2.1196800000000002,6.485161994436916
2.11977,6.485160571201465
2.11986,6.48515691248789
2.1199500000000002,6.485157106530381
2.12004,6.485148534937199
2.12013,6.485167219046667
2.12022,6.485185959743451
2.12031,6.485192488136069
2.1204,6.48521935681496
2.12049,6.485241923110248
2.1205800000000004,6.485241375098535
2.12067,6.48520499952311
2.12076,6.48517112797453
2.1208500000000003,6.485230945656182
2.12094,6.485260678448287
2.12103,6.4852398415701265
2.1211200000000003,6.4852342661283515
2.12121,6.485252173433373
2.1213,6.485269677561616
2.1213900000000003,6.485284926059006
2.12148,6.485290982275776
2.12157,6.485280131191766
2.1216600000000003,6.485289248277915
2.12175,6.48530064604947
2.12184,6.485302987616347
2.1219300000000003,6.485311617142275
2.12202,6.485333950851179
2.12211,6.4853419106903
2.1222000000000003,6.485327299974496
2.12229,6.485313833000917
2.12238,6.485328220351949
2.1224700000000003,6.485351195679768
2.12256,6.4853609936247985
2.12265,6.485360240836861
2.1227400000000003,6.485367557387389
2.12283,6.485384291415776
2.12292,6.485399061537019
2.1230100000000003,6.485397785242646
2.1231,6.48538576284234
2.12319,6.485394974412242
2.1232800000000003,6.4854274103376675
2.12337,6.485432569331351
2.12346,6.485414709342819
2.1235500000000003,6.485440791861073
2.12364,6.485446083172415
2.12373,6.4854451783907265
2.1238200000000003,6.485446332093707
2.12391,6.485437394073196
2.124,6.485466614462606
2.1240900000000003,6.485464893261384
2.12418,6.48545452658698
2.12427,6.485483687724464
2.1243600000000002,6.485490479260636
2.12445,6.485504658567889
2.12454,6.485519738372159
2.1246300000000002,6.485519282535035
2.12472,6.485519798805937
2.12481,6.485528212783552
2.1249000000000002,6.485521895728644
2.12499,6.485515253019787
2.12508,6.485540136218048
2.1251700000000002,6.4855638536694515
2.12526,6.485558465164158
2.12535,6.4855553695253345
2.12544,6.485576447014275
2.12553,6.485576535652383
2.12562,6.48556301207385
2.12571,6.485577721851036
2.1258,6.48560884265701
2.12589,6.48560595112629
2.12598,6.485616842421806
2.1260700000000003,6.485620165096961
2.12616,6.48561336949055
2.12625,6.485623994131604
2.1263400000000003,6.485638319459321
2.12643,6.485650287206943
2.12652,6.485642255459989
2.1266100000000003,6.485630292942538
2.1267,6.485664141866
2.12679,6.485680390432255
2.1268800000000003,6.485663749803985
2.12697,6.4856612110659935
2.12706,6.485700271067673
2.1271500000000003,6.485708177106356
2.12724,6.485704328705557
2.12733,6.485704692973895
2.1274200000000003,6.485702250482994
2.12751,6.48571740908734
2.1276,6.485735997052412
2.1276900000000003,6.485749556966926
2.12778,6.485749875521324
2.12787,6.485731744075522
2.1279600000000003,6.485742934033826
2.12805,6.485754982400355
2.12814,6.485762838483822
2.1282300000000003,6.485790728290387
2.12832,6.485775316003262
2.12841,6.485779420545606
2.1285000000000003,6.485805563872797
2.12859,6.485802312049836
2.12868,6.485792740772055
2.1287700000000003,6.485795953289929
2.12886,6.485803759843064
2.12895,6.485821783839545
2.1290400000000003,6.485858428241948
2.12913,6.485829498827284
2.12922,6.485818541120554
2.1293100000000003,6.4858524564367075
2.1294,6.485854070953226
2.12949,6.485855780437649
2.1295800000000003,6.485868996260007
2.12967,6.485887881283963
2.12976,6.4858976002472355
2.1298500000000002,6.485884969618688
2.12994,6.485882647490831
2.13003,6.485901300427472
2.1301200000000002,6.485920905153857
2.13021,6.485926021953433
2.1303,6.485943898657956
2.1303900000000002,6.485940604999715
2.13048,6.4859259571091314
2.13057,6.48593964067541
2.13066,6.485936601977138
2.13075,6.485940529030238
2.13084,6.485963453954467
2.13093,6.485977948106245
2.13102,6.485963540852742
2.13111,6.485977580341471
2.1312,6.4859957072901855
2.1312900000000004,6.485993183715845
2.13138,6.486000967220332
2.13147,6.486007000310542
2.1315600000000003,6.486010672316187
2.13165,6.486022309103951
2.13174,6.486044013931941
2.1318300000000003,6.486054410873105
2.13192,6.486027829147
2.13201,6.486016171228855
2.1321000000000003,6.486046752414741
2.13219,6.486050293205119
2.13228,6.486057923762099
2.1323700000000003,6.486074302749191
2.13246,6.486080792246837
2.13255,6.486075938635884
2.1326400000000003,6.486082823487294
2.13273,6.486097503056918
2.13282,6.486108897338307
2.1329100000000003,6.486113576986071
2.133,6.486113837263108
2.13309,6.486115216720764
2.1331800000000003,6.486122635243311
2.13327,6.486135134653155
2.13336,6.486145833117377
2.1334500000000003,6.486153729527542
2.13354,6.486169335602543
2.13363,6.486171282640832
2.1337200000000003,6.486142371680785
2.13381,6.4861584336534115
2.1339,6.486174343460429
2.1339900000000003,6.486175647248477
2.13408,6.486190972522819
2.13417,6.486199689770883
2.1342600000000003,6.486199337085032
2.13435,6.486205120820824
2.13444,6.486217094937148
2.1345300000000003,6.486215959469398
2.13462,6.486218202896605
2.13471,6.486226589629512
2.1348000000000003,6.486235648791778
2.13489,6.486243606405101
2.13498,6.486252771226742
2.1350700000000002,6.486271698586797
2.13516,6.486280446493321
2.13525,6.486271052497893
2.1353400000000002,6.48628405306366
2.13543,6.48629396232379
2.13552,6.4862910409179335
2.1356100000000002,6.486288265653185
2.1357,6.486295868006796
2.13579,6.486310980861143
2.1358800000000002,6.4863232076416475
2.13597,6.486328049094423
2.13606,6.486330257867791
2.13615,6.486337242249449
2.13624,6.486357643308966
2.13633,6.486357720135977
2.13642,6.486329351826845
2.1365100000000004,6.486340114171806
2.1366,6.486369712832693
2.13669,6.486388377809072
2.1367800000000003,6.486389934450017
2.13687,6.4863865034591806
2.13696,6.486389339842828
2.1370500000000003,6.486412110948149
2.13714,6.486416704262922
2.13723,6.486385025001352
2.1373200000000003,6.486415165767107
2.13741,6.486438477879768
2.1375,6.486436026261183
2.1375900000000003,6.486440404315687
2.13768,6.486444237635514
2.13777,6.486462336759934
2.1378600000000003,6.486476508841679
2.13795,6.486468999901438
2.13804,6.486455551027792
2.1381300000000003,6.48646235616086
2.13822,6.486473481981692
2.13831,6.486488537332403
2.1384000000000003,6.486509540334701
2.13849,6.486499826788854
2.13858,6.4865073830323405
2.1386700000000003,6.4865165933533495
2.13876,6.4865100219238325
2.13885,6.486536095216266
2.1389400000000003,6.4865501129112255
2.13903,6.486549496716772
2.13912,6.486542714900978
2.1392100000000003,6.486530401154908
2.1393,6.486548569330669
2.13939,6.486557140511836
2.1394800000000003,6.486565602959853
2.13957,6.486590613378705
2.13966,6.486564190455785
2.1397500000000003,6.486580358121934
2.13984,6.486611867142403
2.13993,6.4866132828437735
2.1400200000000003,6.486638701603366
2.14011,6.48662524169394
2.1402,6.486597697740268
2.1402900000000002,6.4866029863253125
2.14038,6.48662904541565
2.14047,6.486630985154387
2.1405600000000002,6.486646372765854
2.14065,6.486662846257271
2.14074,6.486653627182525
2.1408300000000002,6.486670924823468
2.14092,6.486686524206065
2.14101,6.486690889145877
2.1411000000000002,6.486684219304445
2.14119,6.486664098696136
2.14128,6.486682161316618
2.14137,6.486694222155952
2.14146,6.4866935743328415
2.14155,6.486720792134548
2.14164,6.486727224100217
2.1417300000000004,6.486735638945666
2.14182,6.486751725835138
2.14191,6.486751252091237
2.1420000000000003,6.486734596628047
2.14209,6.486742833549662
2.14218,6.486768260157888
2.1422700000000003,6.486776157150298
2.14236,6.486758686017834
2.14245,6.486750901183173
2.1425400000000003,6.4867658515394
2.14263,6.486794951134973
2.14272,6.486814325919902
2.1428100000000003,6.486800624118602
2.1429,6.486809779835293
2.14299,6.486832983013992
2.1430800000000003,6.48683815125029
2.14317,6.486848131834671
2.14326,6.4868214715715045
2.1433500000000003,6.4868054300664095
2.14344,6.486831150856856
2.14353,6.4868511613012
2.1436200000000003,6.486865507608726
2.14371,6.48688954550728
2.1438,6.486895109247916
2.1438900000000003,6.486865939089406
2.14398,6.486875820000144
2.14407,6.486888507254343
2.1441600000000003,6.4868909959811045
2.14425,6.486902205475142
2.14434,6.486917041371258
2.1444300000000003,6.486919515027668
2.14452,6.486934579414756
2.14461,6.4869511702524045
2.1447000000000003,6.48693230969113
2.14479,6.486940899298473
2.14488,6.486950762108232
2.1449700000000003,6.486947586346812
2.14506,6.486954073163723
2.14515,6.486963708784479
2.1452400000000003,6.486953473386443
2.14533,6.486965799650073
2.14542,6.487007720701831
2.1455100000000003,6.487001904418022
2.1456,6.486990555083508
2.14569,6.486980810946216
2.1457800000000002,6.486986069545649
2.14587,6.487023043709653
2.14596,6.487027822435268
2.1460500000000002,6.48704004538397
2.14614,6.487056345134286
2.14623,6.487044593828341
2.1463200000000002,6.4870488072228465
2.14641,6.487069295671724
2.1465,6.487068717344403
2.14659,6.487043384379431
2.14668,6.48704124748135
2.14677,6.48706031743619
2.14686,6.487099100128422
2.14695,6.487116608546917
2.14704,6.487085798972416
2.14713,6.4870988790541055
2.1472200000000004,6.487109093788056
2.14731,6.487099048413532
2.1474,6.4871034442537985
2.1474900000000003,6.487122487653623
2.14758,6.487145887481663
2.14767,6.487150872327439
2.1477600000000003,6.487135302653857
2.14785,6.487132790694723
2.14794,6.487165495641914
2.1480300000000003,6.487180407271791
2.14812,6.487168287386309
2.14821,6.487172862722419
2.1483000000000003,6.487182025624327
2.14839,6.487187741200455
2.14848,6.487191849295139
2.1485700000000003,6.487196440278965
2.14866,6.487199379653762
2.14875,6.487207638660148
2.1488400000000003,6.487218553605812
2.14893,6.487228980564766
2.14902,6.487241577668972
2.1491100000000003,6.4872504872723304
2.1492,6.487241673055181
2.14929,6.487234154649218
2.1493800000000003,6.487251346229969
2.14947,6.487259720750793
2.14956,6.487258581023735
2.1496500000000003,6.487265240812198
2.14974,6.4872836981641315
2.14983,6.48729471606847
2.1499200000000003,6.487292511572878
2.15001,6.4872836948041925
2.1501,6.487281326518185
2.1501900000000003,6.4872971700918045
2.15028,6.487327323577269
2.15037,6.4873247527968925
2.1504600000000003,6.487311914036086
2.15055,6.48733571312288
2.15064,6.48734701530469
2.1507300000000003,6.48735566006431
2.15082,6.487356833339508
2.15091,6.487345949347407
2.1510000000000002,6.487351311606297
2.15109,6.487376438721206
2.15118,6.487384194022179
2.1512700000000002,6.487376950952359
2.15136,6.487391357526098
2.15145,6.487392200102927
2.1515400000000002,6.4873939675116175
2.15163,6.4874136885343425
2.15172,6.4874282152097305
2.1518100000000002,6.48740162327449
2.1519,6.487408974686714
2.15199,6.487434245700816
2.15208,6.487439404751912
2.15217,6.487452223343549
2.15226,6.487442799345427
2.15235,6.487447761027553
2.1524400000000004,6.487466714509802
2.15253,6.487460799349368
2.15262,6.4874836165139715
2.1527100000000003,6.487497346075329
2.1528,6.48748997849085
2.15289,6.487492096431499
2.1529800000000003,6.48750529505307
2.15307,6.487501757211343
2.15316,6.487483957749538
2.1532500000000003,6.487483477077599
2.15334,6.487515437729501
2.15343,6.4875310907138095
2.1535200000000003,6.487545989106293
2.15361,6.487570159253795
2.1537,6.487572517477722
2.1537900000000003,6.487543543903007
2.15388,6.487552507764587
2.15397,6.487571071556363
2.1540600000000003,6.4875579044030145
2.15415,6.487577997531777
2.15424,6.487557308575424
2.1543300000000003,6.4875608885132525
2.15442,6.4876129235274185
2.15451,6.487613249636759
2.1546000000000003,6.487635753940074
2.15469,6.48762961146694
2.15478,6.487595887480773
2.1548700000000003,6.487604300661131
2.15496,6.4876160441496316
2.15505,6.487623296891693
2.1551400000000003,6.487621472803226
2.15523,6.487629489821742
2.15532,6.487680990149385
2.1554100000000003,6.487681439039432
2.1555,6.487663337741163
2.15559,6.487676236013806
2.1556800000000003,6.487688105594299
2.15577,6.487693407570277
2.15586,6.487699926945963
2.1559500000000003,6.4876985145549755
2.15604,6.487687080473141
2.15613,6.48770466508681
2.1562200000000002,6.48773185790005
2.15631,6.4877281354214515
2.1564,6.487704474788707
2.1564900000000002,6.487723032824493
2.15658,6.4877465896626205
2.15667,6.487753884658395
2.1567600000000002,6.487753018458718
2.15685,6.487757174904829
2.15694,6.487767223490357
2.1570300000000002,6.487770561757005
2.15712,6.487774438712926
2.15721,6.48778545031462
2.1573,6.487781265518196
2.15739,6.487799410838953
2.15748,6.4878063774801635
2.15757,6.487792179849148
2.1576600000000004,6.487827279025436
2.15775,6.487845150057905
2.15784,6.4878324237549405
2.1579300000000003,6.487826031090431
2.15802,6.487839395709295
2.15811,6.487825225700224
2.1582000000000003,6.487823706866615
2.15829,6.487841508570989
2.15838,6.487856158082787
2.1584700000000003,6.487887736171507
2.15856,6.487898538948308
2.15865,6.487887226837943
2.1587400000000003,6.487879195092376
2.15883,6.487884674957046
2.15892,6.487900462791237
2.1590100000000003,6.487909122249897
2.1591,6.487918356776783
2.15919,6.487936255806582
2.1592800000000003,6.487916135256471
2.15937,6.487918280789852
2.15946,6.48793633615843
2.1595500000000003,6.48792864403859
2.15964,6.487935984632855
2.15973,6.487960584857208
2.1598200000000003,6.487972305077512
2.15991,6.487961401553762
2.16,6.487956830928211
2.1600900000000003,6.487971263787801
2.16018,6.487990223182986
2.16027,6.487997334710337
2.1603600000000003,6.487992776657928
2.16045,6.487991069599613
2.16054,6.487996113432128
2.1606300000000003,6.488014285148153
2.16072,6.488037920321155
2.16081,6.488036726268843
2.1609000000000003,6.488017639577997
2.16099,6.488010047826544
2.16108,6.488030366013679
2.1611700000000003,6.488058543941669
2.16126,6.488054899082425
2.16135,6.488054998851722
2.1614400000000002,6.488074319570734
2.16153,6.4880791418142625
2.16162,6.48805980488921
2.1617100000000002,6.488084901763084
2.1618,6.488105944985211
2.16189,6.4880809727148065
2.1619800000000002,6.488100336414617
2.16207,6.488113013512404
2.16216,6.48810646706569
2.1622500000000002,6.4881129005197025
2.16234,6.488136228087907
2.16243,6.488115737242025
2.16252,6.488117428716946
2.16261,6.488137553130184
2.1627,6.488129723615003
2.16279,6.488160465224947
2.1628800000000004,6.488157106997538
2.16297,6.488160095031872
2.16306,6.48819767887613
2.1631500000000004,6.488174296171169
2.16324,6.48818645426159
2.16333,6.4882066275194825
2.1634200000000003,6.488198406018702
2.16351,6.4881994429460725
2.1636,6.4882035064492545
2.1636900000000003,6.488203006377794
2.16378,6.488208771344138
2.16387,6.488225833175116
2.1639600000000003,6.488230046634527
2.16405,6.488230361811964
2.16414,6.488234805567124
2.1642300000000003,6.4882456472366385
2.16432,6.488261659362947
2.16441,6.488265038137218
2.1645000000000003,6.488262542791489
2.16459,6.48825719186241
2.16468,6.488254718212916
2.1647700000000003,6.488293419896049
2.16486,6.488304080398231
2.16495,6.488282119819092
2.1650400000000003,6.488285792712351
2.16513,6.488315828916149
2.16522,6.488326111791174
2.1653100000000003,6.488325505040195
2.1654,6.4883310212898975
2.16549,6.48832812532708
2.1655800000000003,6.488338203641007
2.16567,6.488343355775096
2.16576,6.488338590848757
2.1658500000000003,6.488344108305872
2.16594,6.4883548737185714
2.16603,6.48836367430457
2.1661200000000003,6.488367315585354
2.16621,6.488373138148281
2.1663,6.488390909763029
2.1663900000000003,6.488393500367686
2.16648,6.48840656430843
2.16657,6.488426336054226
2.1666600000000003,6.4884037509521235
2.16675,6.488397057700051
2.16684,6.488405260094076
2.1669300000000002,6.488412533441621
2.16702,6.488425449785716
2.16711,6.488447585101248
2.1672000000000002,6.488451632085863
2.16729,6.488442638240668
2.16738,6.488448668945941
2.1674700000000002,6.488473664884508
2.16756,6.48848640297376
2.16765,6.48847411092009
2.1677400000000002,6.488459241951503
2.16783,6.488472671431299
2.16792,6.488497408843806
2.16801,6.48849345428515
2.1681,6.48849063386458
2.16819,6.488524027829422
2.16828,6.488520931238956
2.1683700000000004,6.488523995126516
2.16846,6.488530224073359
2.16855,6.488521306320635
2.1686400000000003,6.4885316313296055
2.16873,6.488536853124887
2.16882,6.48853857935322
2.1689100000000003,6.488551858921392
2.169,6.488570879564486
2.16909,6.488569766865979
2.1691800000000003,6.48857336800127
2.16927,6.488580290653697
2.16936,6.488571327207028
2.1694500000000003,6.488572046293341
2.16954,6.4885929443209225
2.16963,6.488614460231278
2.1697200000000003,6.4886129609931285
2.16981,6.488598521426608
2.1699,6.488621432730349
2.1699900000000003,6.488628538977864
2.17008,6.488611592612695
2.17017,6.488626111682825
2.1702600000000003,6.488624504067902
2.17035,6.488650355026085
2.17044,6.488673322714438
2.1705300000000003,6.4886518791633625
2.17062,6.488668783763421
2.17071,6.48867329784048
2.1708000000000003,6.488669190259267
2.17089,6.488679343779965
2.17098,6.48868143955565
2.1710700000000003,6.488690497913537
2.17116,6.488685108749413
2.17125,6.488687636846633
2.1713400000000003,6.488730700167438
2.17143,6.488732697735428
2.17152,6.488726199262106
2.1716100000000003,6.4887226704391
2.1717,6.488716701663776
2.17179,6.488741286611109
2.1718800000000003,6.488729498378673
2.17197,6.488733489704202
2.17206,6.488773799866199
2.1721500000000002,6.488767393571725
2.17224,6.488781472037245
2.17233,6.488787054118521
2.1724200000000002,6.488774917005876
2.17251,6.48878324132702
2.1726,6.488787140565917
2.1726900000000002,6.488785036084503
2.17278,6.488798930733396
2.17287,6.48881813761771
2.1729600000000002,6.48879464392622
2.17305,6.4887956166553495
2.17314,6.488823868374887
2.17323,6.4888509359570055
2.17332,6.488866442204398
2.17341,6.488841586148849
2.1735,6.488832125304719
2.1735900000000004,6.4888561633939075
2.17368,6.4888745312035185
2.17377,6.488881354684567
2.1738600000000003,6.488878284560054
2.17395,6.488871936572171
2.17404,6.488870608811427
2.1741300000000003,6.4888807174814085
2.17422,6.488904320398836
2.17431,6.488903295557366
2.1744000000000003,6.488892876363601
2.17449,6.488926021339091
2.17458,6.48893324822171
2.1746700000000003,6.48892644361347
2.17476,6.488929441211636
2.17485,6.488934121159706
2.1749400000000003,6.488930712506571
2.17503,6.488938612214371
2.17512,6.488958983630192
2.1752100000000003,6.488974175973082
2.1753,6.488971980867911
2.17539,6.4889617868091385
2.1754800000000003,6.488978946152088
2.17557,6.489003248729071
2.17566,6.488987012374167
2.1757500000000003,6.4889897478097325
2.17584,6.488998371007291
2.17593,6.489008124971251
2.1760200000000003,6.4890306501748025
2.17611,6.489037885999397
2.1762,6.489009100421199
2.1762900000000003,6.489010137081844
2.17638,6.489047542775295
2.17647,6.489028900167616
2.1765600000000003,6.4890440371896085
2.17665,6.489061276075656
2.17674,6.489050650363133
2.1768300000000003,6.489054156978434
2.17692,6.489071310948357
2.17701,6.48907976751746
2.1771000000000003,6.489081087257036
2.17719,6.489085704201319
2.17728,6.489085991476848
2.1773700000000002,6.489106546316409
2.17746,6.489116053979537
2.17755,6.4891078756032705
2.1776400000000002,6.489128136438298
2.17773,6.4891262206979885
2.17782,6.489119430320619
2.1779100000000002,6.4891240289296865
2.178,6.489126995502433
2.17809,6.48914233198576
2.1781800000000002,6.489158304612575
2.17827,6.48916155162604
2.17836,6.489156393673217
2.17845,6.489161735959744
2.17854,6.489180541336231
2.17863,6.489193132730766
2.17872,6.489194657322774
2.1788100000000004,6.489199864682488
2.1789,6.489193588367965
2.17899,6.4892105143525765
2.1790800000000004,6.489219346691624
2.17917,6.489189911454364
2.17926,6.489234546061481
2.1793500000000003,6.489235674596576
2.17944,6.489214187029988
2.17953,6.489245832693568
2.1796200000000003,6.489252075183285
2.17971,6.48923488186481
2.1798,6.48923410331536
2.1798900000000003,6.489259019608242
2.17998,6.489281632130065
2.18007,6.489298864752339
2.1801600000000003,6.489293852408682
2.18025,6.489279002673871
2.18034,6.489282197084551
2.1804300000000003,6.489294930209929
2.18052,6.489315346749111
2.18061,6.489320148823198
2.1807000000000003,6.489304637676026
2.18079,6.489306118787616
2.18088,6.489317701994483
2.1809700000000003,6.489340029932633
2.18106,6.489354837557697
2.18115,6.489339209942486
2.1812400000000003,6.48933579132639
2.18133,6.48934113719137
2.18142,6.489351784758326
2.1815100000000003,6.489367917369731
2.1816,6.489369517581788
2.18169,6.4893839070624875
2.1817800000000003,6.4893956076078485
2.18187,6.489393677239995
2.18196,6.489408298441536
2.1820500000000003,6.489405416364031
2.18214,6.489396152677423
2.18223,6.489401901634295
2.1823200000000003,6.4894152727580074
2.18241,6.489417787779256
2.1825,6.489419400554132
2.1825900000000003,6.489430650643621
2.18268,6.4894503674698925
2.18277,6.489467091663879
2.1828600000000002,6.48945191162486
2.18295,6.4894430239535765
2.18304,6.48945989642019
2.1831300000000002,6.489461731978292
2.18322,6.489485300971785
2.18331,6.489490089818031
2.1834000000000002,6.489479043679547
2.18349,6.489500468615613
2.18358,6.489503903630569
2.18367,6.489496388196772
2.18376,6.489498792778074
2.18385,6.48951162511484
2.18394,6.489522734560637
2.18403,6.489539225481093
2.18412,6.4895357628406
2.18421,6.4895242934759425
2.1843000000000004,6.489551848804376
2.18439,6.48955220999528
2.18448,6.489559476936237
2.1845700000000003,6.4895633788681
2.18466,6.48953013275864
2.18475,6.489559453622385
2.1848400000000003,6.489585359196866
2.18493,6.4895957632752
2.18502,6.4896165633101655
2.1851100000000003,6.489608682840044
2.1852,6.489599321479633
2.18529,6.489605009175846
2.1853800000000003,6.4896113499569195
2.18547,6.4896005712237566
2.18556,6.489594028819292
2.1856500000000003,6.4896077005050845
2.18574,6.489636694574049
2.18583,6.48966167968515
2.1859200000000003,6.489665357868507
2.18601,6.489642304794057
2.1861,6.489643740061549
2.1861900000000003,6.489680253742324
2.18628,6.489673386148611
2.18637,6.4896655688284826
2.1864600000000003,6.489667060344015
2.18655,6.4896782342633585
2.18664,6.489706230969641
2.1867300000000003,6.489709135956653
2.18682,6.489712453181625
2.18691,6.489723341330361
2.1870000000000003,6.489722813685095
2.18709,6.489725228066421
2.18718,6.489725627633625
2.1872700000000003,6.489726037547427
2.18736,6.489734911421724
2.18745,6.489750085535468
2.1875400000000003,6.489752683033157
2.18763,6.489743207491166
2.18772,6.489748472767274
2.1878100000000003,6.489775471406622
2.1879,6.489762755832948
2.18799,6.489772957178513
2.1880800000000002,6.489790505103649
2.18817,6.489767009856392
2.18826,6.489780248616287
2.1883500000000002,6.489802382152658
2.18844,6.489815701591261
2.18853,6.489816834874268
2.1886200000000002,6.489803197678379
2.18871,6.489828863017202
2.1888,6.489833940161573
2.1888900000000002,6.489825532005851
2.18898,6.489868986615815
2.18907,6.489859668492005
2.18916,6.4898237711525715
2.18925,6.4898312828747144
2.18934,6.489873420248992
2.18943,6.48986214744427
2.1895200000000004,6.489864202013957
2.18961,6.489877900968922
2.1897,6.489878618149388
2.1897900000000003,6.489892890846387
2.18988,6.489908211826775
2.18997,6.489915027834149
2.1900600000000003,6.489910315894052
2.19015,6.48990766491519
2.19024,6.489934366736872
2.1903300000000003,6.4899140020322275
2.19042,6.489895904769721
2.19051,6.489942918436356
2.1906000000000003,6.489954980781991
2.19069,6.489946353410553
2.19078,6.4899434043657696
2.1908700000000003,6.489960256101513
2.19096,6.489986941877392
2.19105,6.4899630382374065
2.1911400000000003,6.489966493504173
2.19123,6.489987314593156
2.19132,6.489958231279208
2.1914100000000003,6.489978802392173
2.1915,6.489996778116224
2.19159,6.490007500087742
2.1916800000000003,6.490035052823611
2.19177,6.490036748796937
2.19186,6.490020110148528
2.1919500000000003,6.490013710283085
2.19204,6.490022685501692
2.19213,6.490028268798794
2.1922200000000003,6.490037175634772
2.19231,6.490051135509328
2.1924,6.490054483359794
2.1924900000000003,6.490044847087617
2.19258,6.49005866848273
2.19267,6.490073094377751
2.1927600000000003,6.490081900873955
2.19285,6.490093435408955
2.19294,6.490097541158513
2.1930300000000003,6.490084851020407
2.19312,6.490084544685088
2.19321,6.490105447760979
2.1933000000000002,6.490117980650436
2.19339,6.490117434885274
2.19348,6.490113940836414
2.1935700000000002,6.4901142798785525
2.19366,6.490121638980771
2.19375,6.490141449164835
2.1938400000000002,6.49016241246159
2.19393,6.490167794520608
2.19402,6.490157337733806
2.1941100000000002,6.490152641066555
2.1942,6.4901651768283894
2.19429,6.4901851480690365
2.19438,6.49019542726104
2.19447,6.490190182289858
2.19456,6.4901862128636
2.19465,6.490204605655914
2.1947400000000004,6.490211776981298
2.19483,6.490198498428122
2.19492,6.490237699894269
2.1950100000000003,6.490221796953772
2.1951,6.49020024598296
2.19519,6.490229231499206
2.1952800000000003,6.490226751067258
2.19537,6.490225662071336
2.19546,6.490245099063951
2.1955500000000003,6.490264721161635
2.19564,6.490268081967797
2.19573,6.490284362489492
2.1958200000000003,6.490276549923059
2.19591,6.490256831379218
2.196,6.490264738441002
2.1960900000000003,6.490282770784228
2.19618,6.490294046536594
2.19627,6.490291376068423
2.1963600000000003,6.4902864353309875
2.19645,6.490297862321621
2.19654,6.490313692117183
2.1966300000000003,6.490338927245359
2.19672,6.490348013850392
2.19681,6.490326653436459
2.1969000000000003,6.490348549646958
2.19699,6.490358597443695
2.19708,6.490348589944849
2.1971700000000003,6.490351242488054
2.19726,6.4903514609615485
2.19735,6.490348800558829
2.1974400000000003,6.49035457898065
2.19753,6.490370789201501
2.19762,6.490387206952543
2.1977100000000003,6.4904024407147265
2.1978,6.490394682800505
2.19789,6.490387473512392
2.1979800000000003,6.490408860164355
2.19807,6.490407037107048
2.19816,6.490416430283162
2.1982500000000003,6.4904198903331185
2.19834,6.490407113185728
2.19843,6.490437749603883
2.1985200000000003,6.490455983074256
2.19861,6.49045244966412
2.1987,6.4904542075905605
2.1987900000000002,6.490468373568834
2.19888,6.490470057828238
2.19897,6.4904671005194725
2.1990600000000002,6.490465058052051
2.19915,6.490461758077822
2.19924,6.490469738870487
2.1993300000000002,6.4904905088701925
2.19942,6.490496586512162
2.19951,6.4904809526398095
2.1996,6.490484409171491
2.19969,6.490516236056428
2.19978,6.490545269951217
2.19987,6.490546087562633
2.1999600000000004,6.490528478338856
2.20005,6.4905214606555655
2.20014,6.490526855089475
2.2002300000000004,6.490532945801546
2.20032,6.490537890059095
2.20041,6.49055066128962
2.2005000000000003,6.490541583323988
2.20059,6.490551413050916
2.20068,6.490590378284005
2.2007700000000003,6.490588587000299
2.20086,6.4905881597246875
2.20095,6.490599372595321
2.2010400000000003,6.490602159155182
2.20113,6.490594955084983
2.20122,6.490613262389621
2.2013100000000003,6.490623683011844
2.2014,6.4906205720001395
2.20149,6.490617533480233
2.2015800000000003,6.49060276812425
2.20167,6.490632468139026
2.20176,6.49065451575938
2.2018500000000003,6.490638092681585
2.20194,6.490653057805025
2.20203,6.490672834996153
2.2021200000000003,6.490668578010494
2.20221,6.490650675290446
2.2023,6.490651622431768
2.2023900000000003,6.490675675149584
2.20248,6.490687525570516
2.20257,6.490692427298122
2.2026600000000003,6.490702610312641
2.20275,6.49069313643529
2.20284,6.490707069116608
2.2029300000000003,6.490728126457503
2.20302,6.490737219109316
2.20311,6.4907468859780355
2.2032000000000003,6.490720784757544
2.20329,6.490718934443384
2.20338,6.490745533002857
2.2034700000000003,6.490749497924233
2.20356,6.490761273287187
2.20365,6.490762798543922
2.2037400000000003,6.4907520963837975
2.20383,6.49076045136898
2.20392,6.490800837484418
2.2040100000000002,6.490792953783206
2.2041,6.490781724309038
2.20419,6.490791957984802
2.2042800000000002,6.490776604232288
2.20437,6.490805011596011
2.20446,6.490819958448253
2.2045500000000002,6.4908066100135775
2.20464,6.490812587701453
2.20473,6.4908221143247395
2.2048200000000002,6.490831119347035
2.20491,6.490828343096596
2.205,6.490821715320609
2.20509,6.490842271018363
2.20518,6.490858470206896
2.20527,6.49087896684767
2.20536,6.490884721781122
2.2054500000000004,6.490848509471497
2.20554,6.490863940038231
2.20563,6.4908901724744155
2.2057200000000003,6.490894061918117
2.20581,6.49089279555506
2.2059,6.490890193432702
2.2059900000000003,6.490910150461672
2.20608,6.490933259934489
2.20617,6.490923790306454
2.2062600000000003,6.4908947023900305
2.20635,6.490922235209141
2.20644,6.490947100419876
2.2065300000000003,6.49092596765238
2.20662,6.490914040403787
2.20671,6.490949561474271
2.2068000000000003,6.49097608925831
2.20689,6.490967959155813
2.20698,6.490954352339184
2.2070700000000003,6.490958820684814
2.20716,6.490974602607909
2.20725,6.490978059590212
2.2073400000000003,6.490976488318762
2.20743,6.490999107148495
2.20752,6.490998962291619
2.2076100000000003,6.491002498344562
2.2077,6.491016723450139
2.20779,6.491015591892206
2.2078800000000003,6.491032104685938
2.20797,6.491027311931661
2.20806,6.491014230401896
2.2081500000000003,6.491033980424394
2.20824,6.491058994422087
2.20833,6.491046115007762
2.2084200000000003,6.491056099939007
2.20851,6.491090081252132
2.2086,6.491058556604399
2.2086900000000003,6.491060542705246
2.20878,6.491076080230282
2.20887,6.491082404605556
2.2089600000000003,6.491097442831741
2.20905,6.4910912746498175
2.20914,6.491088824209108
2.2092300000000002,6.491090094563085
2.20932,6.491089350253494
2.20941,6.4911092984119785
2.2095000000000002,6.491109262472837
2.20959,6.491112967627173
2.20968,6.4911386837881775
2.2097700000000002,6.4911501740426685
2.20986,6.491142359518831
2.20995,6.491139178759132
2.2100400000000002,6.4911601760585524
2.21013,6.491186746536926
2.21022,6.491171749321551
2.21031,6.491169843679706
2.2104,6.491171070270327
2.21049,6.49116177926661
2.21058,6.491196040077038
2.2106700000000004,6.491207036089714
2.21076,6.491193637552528
2.21085,6.491197189926903
2.2109400000000003,6.491218640567711
2.21103,6.491203312368182
2.21112,6.49121885066675
2.2112100000000003,6.491256567323419
