{
    "GAUGE_LENGTH": 25.0,
    "GAUGE_DIAMETER": 4.0,
    "CONN_DIAMETER": 5.0,
    "SPECIMEN_LENGTH": 72.0,
    "ROUND_RADIUS": 3.0,
    "THREADED_LENGTH": 15,
    "ENG_DISPLACEMENT": 0.53541665,
    "ENG_FORCE": 6.253014525,
    "ENG_STRAIN": 0.042833332,
    "ENG_STRESS": 497.59908543958505,
    "MAX_DISPLACEMENT": 2.21,
    "RAW_DATA": "C:\\Users\\alison.oconnor\\PycharmProjects\\MATERIAL_ANALYSIS\\A_RAW_DATA\\P91_500.csv",
    "TRUE_STRAIN": 0.041941366509603485,
    "TRUE_STRESS": 518.9129122691152,
    "TRUE_TO_UTS": "C:\\Users\\alison.oconnor\\PycharmProjects\\MATERIAL_ANALYSIS\\OUTPUT\\P91_500\\TRUE_INTERP.csv",
    "E": 155983.83321072801,
    "SIGMA_Y": 391.1756348342469,
    "Q1": 1.5090677406980522,
    "Q2": 1.0723030956377588,
    "Q3": 1.7587322014806734,
    "EN": 0.3718597791453548,
    "SN": 0.1725173941448449,
    "FN": 0.08332468706866578,
    "F": 0.0013871815767125082,
    "M": 796.5461140785943,
    "SLOPE": 796.5461140785943,
    "plastic_properties": "C:\\Users\\alison.oconnor\\PycharmProjects\\ABAQUS_STDVEXP\\RESULTS\\EXPLICIT\\P91_500\\ABA_JOB152.csv"
}