{
    "GAUGE_LENGTH": 25.0,
    "GAUGE_DIAMETER": 4.0,
    "CONN_DIAMETER": 5.0,
    "SPECIMEN_LENGTH": 72.0,
    "ROUND_RADIUS": 3.0,
    "THREADED_LENGTH": 15,
    "ENG_DISPLACEMENT": 0.53541665,
    "ENG_FORCE": 6.253014525,
    "ENG_STRAIN": 0.042833332,
    "ENG_STRESS": 497.59908543958505,
    "MAX_DISPLACEMENT": 2.21,
    "RAW_DATA": "C:\\Users\\alison.oconnor\\PycharmProjects\\MATERIAL_ANALYSIS\\A_RAW_DATA\\P91_500.csv",
    "TRUE_STRAIN": 0.041941366509603485,
    "TRUE_STRESS": 518.9129122691152,
    "TRUE_TO_UTS": "C:\\Users\\alison.oconnor\\PycharmProjects\\MATERIAL_ANALYSIS\\OUTPUT\\P91_500\\TRUE_INTERP.csv",
    "E": 155983.83321072801,
    "SIGMA_Y": 391.1756348342469,
    "Q1": 1.5879774715442956,
    "Q2": 0.9518661390174451,
    "Q3": 1.7563626138608295,
    "EN": 0.2727674634628986,
    "SN": 0.16890788984859534,
    "FN": 0.08739800929854522,
    "F": 0.001342007380032394,
    "M": 796.5551672903767,
    "SLOPE": 796.5551672903767,
    "plastic_properties": "C:\\Users\\alison.oconnor\\PycharmProjects\\ABAQUS_STDVEXP\\RESULTS\\EXPLICIT\\P91_500\\ABA_JOB48.csv"
}