{
    "GAUGE_LENGTH": 25.0,
    "GAUGE_DIAMETER": 4.0,
    "CONN_DIAMETER": 5.0,
    "SPECIMEN_LENGTH": 72.0,
    "ROUND_RADIUS": 3.0,
    "THREADED_LENGTH": 15,
    "ENG_DISPLACEMENT": 0.53541665,
    "ENG_FORCE": 6.253014525,
    "ENG_STRAIN": 0.042833332,
    "ENG_STRESS": 497.59908543958505,
    "MAX_DISPLACEMENT": 2.21,
    "RAW_DATA": "C:\\Users\\alison.oconnor\\PycharmProjects\\MATERIAL_ANALYSIS\\A_RAW_DATA\\P91_500.csv",
    "TRUE_STRAIN": 0.041941366509603485,
    "TRUE_STRESS": 518.9129122691152,
    "TRUE_TO_UTS": "C:\\Users\\alison.oconnor\\PycharmProjects\\MATERIAL_ANALYSIS\\OUTPUT\\P91_500\\TRUE_INTERP.csv",
    "E": 155983.83321072801,
    "SIGMA_Y": 391.1756348342469,
    "Q1": 1.4175695384062035,
    "Q2": 0.9778302076931126,
    "Q3": 1.8906788040087326,
    "EN": 0.3983847881037603,
    "SN": 0.1266279081789669,
    "FN": 0.040320336355627505,
    "F": 0.001309706172306456,
    "M": 796.2417494504143,
    "SLOPE": 796.2417494504143,
    "plastic_properties": "C:\\Users\\alison.oconnor\\PycharmProjects\\ABAQUS_STDVEXP\\RESULTS\\EXPLICIT\\P91_500\\ABA_JOB57.csv"
}