{
    "GAUGE_LENGTH": 25.0,
    "GAUGE_DIAMETER": 4.0,
    "CONN_DIAMETER": 5.0,
    "SPECIMEN_LENGTH": 72.0,
    "ROUND_RADIUS": 3.0,
    "THREADED_LENGTH": 15,
    "ENG_DISPLACEMENT": 1.32067,
    "ENG_FORCE": 7.459653576,
    "ENG_STRAIN": 0.1056536,
    "ENG_STRESS": 593.6203701867669,
    "MAX_DISPLACEMENT": 2.61,
    "RAW_DATA": "C:\\Users\\alison.oconnor\\PycharmProjects\\MATERIAL_ANALYSIS\\A_RAW_DATA\\P91_20_2.csv",
    "TRUE_STRAIN": 0.1004366533192256,
    "TRUE_STRESS": 656.3384993303314,
    "TRUE_TO_UTS": "C:\\Users\\alison.oconnor\\PycharmProjects\\MATERIAL_ANALYSIS\\OUTPUT\\P91_20_2\\TRUE_INTERP.csv",
    "E": 207010.89118699517,
    "SIGMA_Y": 403.71338338803554,
    "EN": 0.33809239035101446,
    "F": 0.0014294266514892286,
    "FN": 0.04520103887276922,
    "M": 38.97123917461309,
    "Q1": 1.0992033082190258,
    "Q2": 1.0296130476480139,
    "Q3": 2.5374648159164197,
    "SN": 0.15095724795827914,
    "SLOPE": 38.97123917461309,
    "plastic_properties": "C:\\Users\\alison.oconnor\\PycharmProjects\\PAPERA\\BO\\RESULTS\\EXPLICIT\\P91_20_2\\ABA_JOB110.csv"
}