{
    "GAUGE_LENGTH": 25.0,
    "GAUGE_DIAMETER": 4.0,
    "CONN_DIAMETER": 5.0,
    "SPECIMEN_LENGTH": 72.0,
    "ROUND_RADIUS": 3.0,
    "THREADED_LENGTH": 15,
    "ENG_DISPLACEMENT": 1.32067,
    "ENG_FORCE": 7.459653576,
    "ENG_STRAIN": 0.1056536,
    "ENG_STRESS": 593.6203701867669,
    "MAX_DISPLACEMENT": 2.61,
    "RAW_DATA": "C:\\Users\\alison.oconnor\\PycharmProjects\\MATERIAL_ANALYSIS\\A_RAW_DATA\\P91_20_2.csv",
    "TRUE_STRAIN": 0.1004366533192256,
    "TRUE_STRESS": 656.3384993303314,
    "TRUE_TO_UTS": "C:\\Users\\alison.oconnor\\PycharmProjects\\MATERIAL_ANALYSIS\\OUTPUT\\P91_20_2\\TRUE_INTERP.csv",
    "E": 207010.89118699517,
    "SIGMA_Y": 403.71338338803554,
    "EN": 0.34449805455085675,
    "F": 0.00146488151941881,
    "FN": 0.06515562063849772,
    "M": 0.022223953464273194,
    "Q1": 1.498229182197944,
    "Q2": 1.0667006360989488,
    "Q3": 1.4740266469124983,
    "SN": 0.11218259779654444,
    "SLOPE": 0.022223953464273194,
    "plastic_properties": "C:\\Users\\alison.oconnor\\PycharmProjects\\PAPERA\\BO\\RESULTS\\EXPLICIT\\P91_20_2\\ABA_JOB118.csv"
}