{
    "GAUGE_LENGTH": 25.0,
    "GAUGE_DIAMETER": 4.0,
    "CONN_DIAMETER": 5.0,
    "SPECIMEN_LENGTH": 72.0,
    "ROUND_RADIUS": 3.0,
    "THREADED_LENGTH": 15,
    "ENG_DISPLACEMENT": 1.32067,
    "ENG_FORCE": 7.459653576,
    "ENG_STRAIN": 0.1056536,
    "ENG_STRESS": 593.6203701867669,
    "MAX_DISPLACEMENT": 2.61,
    "RAW_DATA": "C:\\Users\\alison.oconnor\\PycharmProjects\\MATERIAL_ANALYSIS\\A_RAW_DATA\\P91_20_2.csv",
    "TRUE_STRAIN": 0.1004366533192256,
    "TRUE_STRESS": 656.3384993303314,
    "TRUE_TO_UTS": "C:\\Users\\alison.oconnor\\PycharmProjects\\MATERIAL_ANALYSIS\\OUTPUT\\P91_20_2\\TRUE_INTERP.csv",
    "E": 207010.89118699517,
    "SIGMA_Y": 403.71338338803554,
    "EN": 0.26479443430129274,
    "F": 0.0014233743247313167,
    "FN": 0.055271330111551525,
    "M": 0.15016623792361017,
    "Q1": 1.5138533813125572,
    "Q2": 1.0943083381505831,
    "Q3": 2.3721811518595777,
    "SN": 0.18383260534258825,
    "SLOPE": 0.15016623792361017,
    "plastic_properties": "C:\\Users\\alison.oconnor\\PycharmProjects\\PAPERA\\BO\\RESULTS\\EXPLICIT\\P91_20_2\\ABA_JOB69.csv"
}