{
    "GAUGE_LENGTH": 25.0,
    "GAUGE_DIAMETER": 4.0,
    "CONN_DIAMETER": 5.0,
    "SPECIMEN_LENGTH": 72.0,
    "ROUND_RADIUS": 3.0,
    "THREADED_LENGTH": 15,
    "ENG_DISPLACEMENT": 1.32067,
    "ENG_FORCE": 7.459653576,
    "ENG_STRAIN": 0.1056536,
    "ENG_STRESS": 593.6203701867669,
    "MAX_DISPLACEMENT": 2.61,
    "RAW_DATA": "C:\\Users\\alison.oconnor\\PycharmProjects\\MATERIAL_ANALYSIS\\A_RAW_DATA\\P91_20_2.csv",
    "TRUE_STRAIN": 0.1004366533192256,
    "TRUE_STRESS": 656.3384993303314,
    "TRUE_TO_UTS": "C:\\Users\\alison.oconnor\\PycharmProjects\\MATERIAL_ANALYSIS\\OUTPUT\\P91_20_2\\TRUE_INTERP.csv",
    "E": 207010.89118699517,
    "SIGMA_Y": 403.71338338803554,
    "Q1": 1.5175192788730074,
    "Q2": 0.9357841350994177,
    "Q3": 2.5480950335236097,
    "EN": 0.39951613310212597,
    "SN": 0.18525641431347856,
    "FN": 0.07439865179747536,
    "F": 0.0013788201374748308,
    "M": 81.7437799853363,
    "SLOPE": 81.7437799853363,
    "plastic_properties": "C:\\Users\\alison.oconnor\\PycharmProjects\\ABAQUS_STDVEXP\\RESULTS\\EXPLICIT\\P91_20_2\\ABA_JOB173.csv"
}