{
    "GAUGE_LENGTH": 25.0,
    "GAUGE_DIAMETER": 4.0,
    "CONN_DIAMETER": 5.0,
    "SPECIMEN_LENGTH": 72.0,
    "ROUND_RADIUS": 3.0,
    "THREADED_LENGTH": 15,
    "ENG_DISPLACEMENT": 1.32067,
    "ENG_FORCE": 7.459653576,
    "ENG_STRAIN": 0.1056536,
    "ENG_STRESS": 593.6203701867669,
    "MAX_DISPLACEMENT": 2.61,
    "RAW_DATA": "C:\\Users\\alison.oconnor\\PycharmProjects\\MATERIAL_ANALYSIS\\A_RAW_DATA\\P91_20_2.csv",
    "TRUE_STRAIN": 0.1004366533192256,
    "TRUE_STRESS": 656.3384993303314,
    "TRUE_TO_UTS": "C:\\Users\\alison.oconnor\\PycharmProjects\\MATERIAL_ANALYSIS\\OUTPUT\\P91_20_2\\TRUE_INTERP.csv",
    "E": 207010.89118699517,
    "SIGMA_Y": 403.71338338803554,
    "Q1": 1.5986200554913292,
    "Q2": 1.0028244428874555,
    "Q3": 2.334910651697306,
    "EN": 0.3046699683890063,
    "SN": 0.148960374261403,
    "FN": 0.07314656549727847,
    "F": 0.0014456659181106247,
    "M": 40.46619523226225,
    "SLOPE": 40.46619523226225,
    "plastic_properties": "C:\\Users\\alison.oconnor\\PycharmProjects\\ABAQUS_STDVEXP\\RESULTS\\EXPLICIT\\P91_20_2\\ABA_JOB188.csv"
}