{
    "GAUGE_LENGTH": 25.0,
    "GAUGE_DIAMETER": 4.0,
    "CONN_DIAMETER": 5.0,
    "SPECIMEN_LENGTH": 72.0,
    "ROUND_RADIUS": 3.0,
    "THREADED_LENGTH": 15,
    "ENG_DISPLACEMENT": 1.32067,
    "ENG_FORCE": 7.459653576,
    "ENG_STRAIN": 0.1056536,
    "ENG_STRESS": 593.6203701867669,
    "MAX_DISPLACEMENT": 2.61,
    "RAW_DATA": "C:\\Users\\alison.oconnor\\PycharmProjects\\MATERIAL_ANALYSIS\\A_RAW_DATA\\P91_20_2.csv",
    "TRUE_STRAIN": 0.1004366533192256,
    "TRUE_STRESS": 656.3384993303314,
    "TRUE_TO_UTS": "C:\\Users\\alison.oconnor\\PycharmProjects\\MATERIAL_ANALYSIS\\OUTPUT\\P91_20_2\\TRUE_INTERP.csv",
    "E": 207010.89118699517,
    "SIGMA_Y": 403.71338338803554,
    "EN": 0.37937973694518623,
    "F": 0.0013838318787585038,
    "FN": 0.0841721696475155,
    "M": 0.020906548191934604,
    "Q1": 1.4880041803149988,
    "Q2": 1.088593765652279,
    "Q3": 2.472295855100799,
    "SN": 0.1295633967229242,
    "SLOPE": 0.020906548191934604,
    "plastic_properties": "C:\\Users\\alison.oconnor\\PycharmProjects\\PAPERA\\BO\\RESULTS\\EXPLICIT\\P91_20_2\\ABA_JOB55.csv"
}